# The following table is formatted as tab separated values. 
#GeneName	GeneId	TranscriptId	BioType	variants_impact_HIGH	variants_impact_LOW	variants_impact_MODERATE	variants_impact_MODIFIER	variants_effect_3_prime_UTR_variant	variants_effect_5_prime_UTR_premature_start_codon_gain_variant	variants_effect_5_prime_UTR_variant	variants_effect_conservative_inframe_deletion	variants_effect_conservative_inframe_insertion	variants_effect_disruptive_inframe_deletion	variants_effect_disruptive_inframe_insertion	variants_effect_downstream_gene_variant	variants_effect_frameshift_variant	variants_effect_intron_variant	variants_effect_missense_variant	variants_effect_non_coding_transcript_exon_variant	variants_effect_splice_acceptor_variant	variants_effect_splice_donor_variant	variants_effect_splice_region_variant	variants_effect_stop_gained	variants_effect_synonymous_variant	variants_effect_upstream_gene_variant
5S_rRNA	ENSCAFG00000027280	ENSCAFT00000041563	rRNA	0	0	0	1	0	0	0	0	0	0	0	0	0	0	0	0	0	0	0	0	0	1
5S_rRNA	ENSCAFG00000028753	ENSCAFT00000043246	rRNA	0	0	0	1	0	0	0	0	0	0	0	0	0	0	0	0	0	0	0	0	0	1
5S_rRNA	ENSCAFG00000030860	ENSCAFT00000035004	rRNA	0	0	0	2	0	0	0	0	0	0	0	2	0	0	0	0	0	0	0	0	0	0
5S_rRNA	ENSCAFG00000031253	ENSCAFT00000047517	rRNA	0	0	0	1	0	0	0	0	0	0	0	1	0	0	0	0	0	0	0	0	0	0
5S_rRNA	ENSCAFG00000031880	ENSCAFT00000035050	rRNA	0	0	0	1	0	0	0	0	0	0	0	1	0	0	0	0	0	0	0	0	0	0
AASS	ENSCAFG00000003532	ENSCAFT00000005673	protein_coding	0	0	0	1	0	0	0	0	0	0	0	0	0	1	0	0	0	0	0	0	0	0
AASS	ENSCAFG00000003532	ENSCAFT00000045610	protein_coding	0	0	0	1	0	0	0	0	0	0	0	0	0	1	0	0	0	0	0	0	0	0
ABCC9	ENSCAFG00000012066	ENSCAFT00000019308	protein_coding	0	0	0	2	0	0	0	0	0	0	0	0	0	2	0	0	0	0	0	0	0	0
ABCC9	ENSCAFG00000012066	ENSCAFT00000043641	protein_coding	0	0	0	3	0	0	0	0	0	0	0	1	0	2	0	0	0	0	0	0	0	0
ACAN	ENSCAFG00000011534	ENSCAFT00000002034	protein_coding	0	0	0	1	0	0	0	0	0	0	0	0	0	1	0	0	0	0	0	0	0	0
ACAN	ENSCAFG00000011534	ENSCAFT00000018302	protein_coding	0	0	0	1	0	0	0	0	0	0	0	0	0	1	0	0	0	0	0	0	0	0
ACD	ENSCAFG00000020352	ENSCAFT00000047143	protein_coding	0	0	0	1	0	0	0	0	0	0	0	0	0	1	0	0	0	0	0	0	0	0
ACLY	ENSCAFG00000015818	ENSCAFT00000025093	protein_coding	0	0	0	1	0	0	0	0	0	0	0	0	0	1	0	0	0	0	0	0	0	0
ACLY	ENSCAFG00000015818	ENSCAFT00000045100	protein_coding	0	0	0	1	0	0	0	0	0	0	0	0	0	1	0	0	0	0	0	0	0	0
ACOXL	ENSCAFG00000007073	ENSCAFT00000011341	protein_coding	0	0	0	1	0	0	0	0	0	0	0	1	0	0	0	0	0	0	0	0	0	0
ACOXL	ENSCAFG00000007073	ENSCAFT00000049359	protein_coding	0	0	0	1	0	0	0	0	0	0	0	1	0	0	0	0	0	0	0	0	0	0
ADAMTS10	ENSCAFG00000018557	ENSCAFT00000029466	protein_coding	0	0	0	1	0	0	0	0	0	0	0	0	0	1	0	0	0	0	0	0	0	0
ADCY1	ENSCAFG00000012249	ENSCAFT00000019469	protein_coding	0	0	0	2	0	0	0	0	0	0	0	0	0	2	0	0	0	0	0	0	0	0
ADCY1	ENSCAFG00000012249	ENSCAFT00000048834	protein_coding	0	0	0	2	0	0	0	0	0	0	0	0	0	2	0	0	0	0	0	0	0	0
ADGRL3	ENSCAFG00000002364	ENSCAFT00000003727	protein_coding	0	1	0	0	0	0	0	0	0	0	0	0	0	1	0	0	0	0	1	0	0	0
ADM2	ENSCAFG00000000609	ENSCAFT00000000933	protein_coding	0	0	0	1	0	0	0	0	0	0	0	1	0	0	0	0	0	0	0	0	0	0
AJAP1	ENSCAFG00000019507	ENSCAFT00000031010	protein_coding	0	0	0	1	0	0	0	0	0	0	0	0	0	1	0	0	0	0	0	0	0	0
AKAP7	ENSCAFG00000001147	ENSCAFT00000001762	protein_coding	0	0	0	1	0	0	0	0	0	0	0	0	0	1	0	0	0	0	0	0	0	0
AKNA	ENSCAFG00000003340	ENSCAFT00000005347	protein_coding	0	0	0	2	0	0	0	0	0	0	0	0	0	2	0	0	0	0	0	0	0	0
AKNA	ENSCAFG00000003340	ENSCAFT00000048912	protein_coding	0	0	0	2	0	0	0	0	0	0	0	0	0	2	0	0	0	0	0	0	0	0
ALDH3A2	ENSCAFG00000018166	ENSCAFT00000035903	protein_coding	0	0	0	1	0	0	0	0	0	0	0	0	0	1	0	0	0	0	0	0	0	0
ALPK1	ENSCAFG00000011670	ENSCAFT00000018520	protein_coding	0	0	0	1	0	0	0	0	0	0	0	0	0	1	0	0	0	0	0	0	0	0
ANAPC4	ENSCAFG00000016439	ENSCAFT00000026058	protein_coding	0	0	1	0	0	0	0	0	0	0	0	0	0	0	1	0	0	0	0	0	0	0
ANAPC4	ENSCAFG00000016439	ENSCAFT00000047081	protein_coding	0	0	1	0	0	0	0	0	0	0	0	0	0	0	1	0	0	0	0	0	0	0
ANKRD17	ENSCAFG00000002998	ENSCAFT00000046533	protein_coding	0	0	0	1	0	0	0	0	0	0	0	1	0	0	0	0	0	0	0	0	0	0
ANKRD33	ENSCAFG00000007345	ENSCAFT00000011753	protein_coding	0	1	0	0	0	0	0	0	0	0	0	0	0	0	0	0	0	0	0	0	1	0
ANKRD33	ENSCAFG00000007345	ENSCAFT00000042922	protein_coding	0	1	0	0	0	0	0	0	0	0	0	0	0	0	0	0	0	0	0	0	1	0
ANLN	ENSCAFG00000003243	ENSCAFT00000005209	protein_coding	0	0	0	1	0	0	0	0	0	0	0	0	0	1	0	0	0	0	0	0	0	0
ANO7	ENSCAFG00000012881	ENSCAFT00000020452	protein_coding	0	0	0	1	0	0	0	0	0	0	0	0	0	1	0	0	0	0	0	0	0	0
ANXA3	ENSCAFG00000008837	ENSCAFT00000014054	protein_coding	0	0	0	1	0	0	0	0	0	0	0	0	0	1	0	0	0	0	0	0	0	0
APBA2	ENSCAFG00000010382	ENSCAFT00000016503	protein_coding	0	0	0	1	0	0	0	0	0	0	0	0	0	1	0	0	0	0	0	0	0	0
ARHGAP30	ENSCAFG00000012716	ENSCAFT00000020156	protein_coding	0	0	0	1	0	0	0	0	0	0	0	0	0	1	0	0	0	0	0	0	0	0
ARHGDIB	ENSCAFG00000012883	ENSCAFT00000020458	protein_coding	0	0	0	2	0	0	0	0	0	0	0	0	0	2	0	0	0	0	0	0	0	0
ARHGEF16	ENSCAFG00000019474	ENSCAFT00000030963	protein_coding	0	1	0	0	0	0	0	0	0	0	0	0	0	0	0	0	0	0	0	0	1	0
ARHGEF16	ENSCAFG00000019474	ENSCAFT00000049364	protein_coding	0	1	0	0	0	0	0	0	0	0	0	0	0	0	0	0	0	0	0	0	1	0
ARL2-SNX15	ENSCAFG00000028760	ENSCAFT00000046389	protein_coding	0	0	0	1	0	0	0	0	0	0	0	0	0	1	0	0	0	0	0	0	0	0
ARNTL2	ENSCAFG00000011089	ENSCAFT00000017664	protein_coding	0	0	1	0	0	0	0	0	0	0	0	0	0	0	1	0	0	0	0	0	0	0
ARNTL2	ENSCAFG00000011089	ENSCAFT00000046810	protein_coding	0	0	1	0	0	0	0	0	0	0	0	0	0	0	1	0	0	0	0	0	0	0
ASCC3	ENSCAFG00000003554	ENSCAFT00000005717	protein_coding	0	0	0	1	0	0	0	0	0	0	0	0	0	1	0	0	0	0	0	0	0	0
ASF1A	ENSCAFG00000000939	ENSCAFT00000001453	protein_coding	0	0	0	1	0	0	0	0	0	0	0	0	0	1	0	0	0	0	0	0	0	0
ASTN2	ENSCAFG00000003504	ENSCAFT00000005648	protein_coding	0	0	0	1	0	0	0	0	0	0	0	0	0	1	0	0	0	0	0	0	0	0
ASTN2	ENSCAFG00000003504	ENSCAFT00000005650	protein_coding	0	0	0	1	0	0	0	0	0	0	0	0	0	1	0	0	0	0	0	0	0	0
ATP1A1	ENSCAFG00000009795	ENSCAFT00000015555	protein_coding	0	0	0	1	0	0	0	0	0	0	0	0	0	1	0	0	0	0	0	0	0	0
ATP1A1	ENSCAFG00000009795	ENSCAFT00000049162	protein_coding	0	0	0	1	0	0	0	0	0	0	0	0	0	1	0	0	0	0	0	0	0	0
ATP7B	ENSCAFG00000004261	ENSCAFT00000006859	protein_coding	0	1	0	1	0	0	0	0	0	0	0	1	0	0	0	0	0	0	0	0	1	0
ATXN7	ENSCAFG00000006857	ENSCAFT00000011028	protein_coding	0	0	0	1	0	0	0	0	0	0	0	0	0	1	0	0	0	0	0	0	0	0
ATXN7	ENSCAFG00000006857	ENSCAFT00000044091	protein_coding	0	0	0	1	0	0	0	0	0	0	0	0	0	1	0	0	0	0	0	0	0	0
BCL2L11	ENSCAFG00000030412	ENSCAFT00000045409	protein_coding	0	0	0	1	0	0	0	0	0	0	0	0	0	0	0	0	0	0	0	0	0	1
BIRC7	ENSCAFG00000012777	ENSCAFT00000020266	protein_coding	0	0	0	1	0	0	0	0	0	0	0	0	0	1	0	0	0	0	0	0	0	0
BMP4	ENSCAFG00000014880	ENSCAFT00000023624	protein_coding	0	1	0	0	0	0	0	0	0	0	0	0	0	0	0	0	0	0	0	0	1	0
BMP6	ENSCAFG00000032289	ENSCAFT00000047626	protein_coding	0	0	0	1	0	0	0	0	0	0	0	1	0	0	0	0	0	0	0	0	0	0
BRE	ENSCAFG00000005205	ENSCAFT00000008394	protein_coding	0	0	0	1	1	0	0	0	0	0	0	0	0	0	0	0	0	0	0	0	0	0
BRINP2	ENSCAFG00000014152	ENSCAFT00000022464	protein_coding	0	0	1	0	0	0	0	0	0	0	0	0	0	0	1	0	0	0	0	0	0	0
BRPF1	ENSCAFG00000005408	ENSCAFT00000008701	protein_coding	0	1	0	0	0	0	0	0	0	0	0	0	0	0	0	0	0	0	0	0	1	0
BRSK2	ENSCAFG00000009989	ENSCAFT00000015898	protein_coding	0	0	0	1	0	0	0	0	0	0	0	1	0	0	0	0	0	0	0	0	0	0
BTBD18	ENSCAFG00000028691	ENSCAFT00000044807	protein_coding	0	0	1	0	0	0	0	0	0	0	0	0	0	0	1	0	0	0	0	0	0	0
BTBD18	ENSCAFG00000028691	ENSCAFT00000045723	protein_coding	0	0	1	0	0	0	0	0	0	0	0	0	0	0	1	0	0	0	0	0	0	0
BTBD3	ENSCAFG00000030748	ENSCAFT00000047136	protein_coding	0	0	1	0	0	0	0	0	0	0	0	0	0	0	1	0	0	0	0	0	0	0
C10orf11	ENSCAFG00000015441	ENSCAFT00000024487	protein_coding	0	0	0	1	0	0	0	0	0	0	0	0	0	1	0	0	0	0	0	0	0	0
C16orf45	ENSCAFG00000018744	ENSCAFT00000029753	protein_coding	0	0	0	1	0	0	0	0	0	0	0	0	0	1	0	0	0	0	0	0	0	0
C16orf45	ENSCAFG00000018744	ENSCAFT00000045116	protein_coding	0	0	0	1	0	0	0	0	0	0	0	0	0	1	0	0	0	0	0	0	0	0
C16orf86	ENSCAFG00000023935	ENSCAFT00000037072	protein_coding	0	0	0	1	0	0	0	0	0	0	0	0	0	0	0	0	0	0	0	0	0	1
C19orf70	ENSCAFG00000018796	ENSCAFT00000029838	protein_coding	0	0	0	2	0	0	0	0	0	0	0	2	0	0	0	0	0	0	0	0	0	0
C1orf111	ENSCAFG00000013091	ENSCAFT00000036623	protein_coding	0	0	0	1	0	0	0	0	0	0	0	0	0	0	0	0	0	0	0	0	0	1
C3	ENSCAFG00000018625	ENSCAFT00000029568	protein_coding	0	0	0	1	0	0	0	0	0	0	0	0	0	1	0	0	0	0	0	0	0	0
C3	ENSCAFG00000018625	ENSCAFT00000036157	protein_coding	0	0	0	1	0	0	0	0	0	0	0	0	0	1	0	0	0	0	0	0	0	0
C5orf42	ENSCAFG00000018685	ENSCAFT00000029661	protein_coding	0	0	1	0	0	0	0	0	0	0	0	0	0	0	1	0	0	0	0	0	0	0
C5orf42	ENSCAFG00000018685	ENSCAFT00000029667	protein_coding	0	0	1	0	0	0	0	0	0	0	0	0	0	0	1	0	0	0	0	0	0	0
C6orf132	ENSCAFG00000031768	ENSCAFT00000049988	protein_coding	0	0	0	1	0	0	0	0	0	0	0	0	0	0	0	0	0	0	0	0	0	1
C9	ENSCAFG00000018626	ENSCAFT00000029570	protein_coding	0	0	2	0	0	0	0	0	0	0	0	0	0	0	2	0	0	0	0	0	0	0
C9	ENSCAFG00000018626	ENSCAFT00000044237	protein_coding	0	0	0	1	0	0	0	0	0	0	0	0	0	1	0	0	0	0	0	0	0	0
CA10	ENSCAFG00000030895	ENSCAFT00000044667	protein_coding	0	0	0	1	0	0	0	0	0	0	0	0	0	1	0	0	0	0	0	0	0	0
CAB39L	ENSCAFG00000004408	ENSCAFT00000007107	protein_coding	0	1	0	0	0	0	0	0	0	0	0	0	0	0	0	0	0	0	0	0	1	0
CALCA	ENSCAFG00000008562	ENSCAFT00000013581	protein_coding	0	0	0	2	0	0	0	0	0	0	0	0	0	2	0	0	0	0	0	0	0	0
CALCA	ENSCAFG00000008562	ENSCAFT00000013582	protein_coding	2	0	0	0	0	0	0	0	0	0	1	0	1	0	0	0	0	0	0	1	0	0
CANT1	ENSCAFG00000005540	ENSCAFT00000008926	protein_coding	0	0	0	1	0	0	0	0	0	0	0	0	0	1	0	0	0	0	0	0	0	0
CAPN1	ENSCAFG00000013830	ENSCAFT00000021965	protein_coding	0	0	0	1	0	0	0	0	0	0	0	0	0	1	0	0	0	0	0	0	0	0
CAPS2	ENSCAFG00000000481	ENSCAFT00000000763	protein_coding	0	0	0	1	0	0	0	0	0	0	0	0	0	1	0	0	0	0	0	0	0	0
CATSPERD	ENSCAFG00000018769	ENSCAFT00000029784	protein_coding	0	0	0	1	0	0	0	0	0	0	0	0	0	1	0	0	0	0	0	0	0	0
CBFA2T2	ENSCAFG00000007420	ENSCAFT00000011896	protein_coding	0	0	0	2	0	0	0	0	0	0	0	0	0	2	0	0	0	0	0	0	0	0
CCDC189	ENSCAFG00000016671	ENSCAFT00000026399	protein_coding	0	0	0	1	0	0	0	0	0	0	0	1	0	0	0	0	0	0	0	0	0	0
CCDC83	ENSCAFG00000004494	ENSCAFT00000007244	protein_coding	0	0	0	1	0	0	0	0	0	0	0	0	0	1	0	0	0	0	0	0	0	0
CCDC85A	ENSCAFG00000002927	ENSCAFT00000004678	protein_coding	0	0	0	1	0	0	0	0	0	0	0	0	0	1	0	0	0	0	0	0	0	0
CCDC93	ENSCAFG00000004927	ENSCAFT00000007941	protein_coding	0	0	0	1	0	0	0	0	0	0	0	1	0	0	0	0	0	0	0	0	0	0
CD96	ENSCAFG00000010358	ENSCAFT00000016476	protein_coding	0	0	0	1	0	0	0	0	0	0	0	0	0	1	0	0	0	0	0	0	0	0
CD96	ENSCAFG00000010358	ENSCAFT00000050121	protein_coding	0	0	0	1	0	0	0	0	0	0	0	0	0	1	0	0	0	0	0	0	0	0
CDH17	ENSCAFG00000009144	ENSCAFT00000014552	protein_coding	0	0	0	1	0	0	0	0	0	0	0	0	0	1	0	0	0	0	0	0	0	0
CDH17	ENSCAFG00000009144	ENSCAFT00000049692	protein_coding	0	0	0	1	0	0	0	0	0	0	0	0	0	1	0	0	0	0	0	0	0	0
CDH4	ENSCAFG00000012436	ENSCAFT00000019847	protein_coding	0	0	0	1	0	0	0	0	0	0	0	0	0	1	0	0	0	0	0	0	0	0
CDK18	ENSCAFG00000010082	ENSCAFT00000016029	protein_coding	0	0	0	1	0	0	0	0	0	0	0	0	0	1	0	0	0	0	0	0	0	0
CELSR3	ENSCAFG00000029819	ENSCAFT00000042870	protein_coding	0	0	1	0	0	0	0	0	0	0	0	0	0	0	1	0	0	0	0	0	0	0
CEP250	ENSCAFG00000008037	ENSCAFT00000012850	protein_coding	0	0	0	1	0	0	0	0	0	0	0	0	0	1	0	0	0	0	0	0	0	0
CEP250	ENSCAFG00000008037	ENSCAFT00000047311	protein_coding	0	0	0	1	0	0	0	0	0	0	0	0	0	1	0	0	0	0	0	0	0	0
CERCAM	ENSCAFG00000020061	ENSCAFT00000031918	protein_coding	0	0	0	1	0	0	0	0	0	0	0	0	0	0	0	0	0	0	0	0	0	1
CFAP69	ENSCAFG00000001874	ENSCAFT00000002973	protein_coding	0	0	0	1	0	0	0	0	0	0	0	0	0	1	0	0	0	0	0	0	0	0
CHD1L	ENSCAFG00000010944	ENSCAFT00000017488	protein_coding	0	0	0	1	0	0	0	0	0	0	0	0	0	1	0	0	0	0	0	0	0	0
CHMP5	ENSCAFG00000001846	ENSCAFT00000002911	protein_coding	0	0	0	1	0	0	0	0	0	0	0	0	0	1	0	0	0	0	0	0	0	0
CHODL	ENSCAFG00000008319	ENSCAFT00000013209	protein_coding	0	0	0	1	0	0	0	0	0	0	0	0	0	1	0	0	0	0	0	0	0	0
CIT	ENSCAFG00000010114	ENSCAFT00000016092	protein_coding	0	0	0	1	0	0	0	0	0	0	0	0	0	1	0	0	0	0	0	0	0	0
CLDN8	ENSCAFG00000008822	ENSCAFT00000014017	protein_coding	0	1	0	1	0	0	0	0	0	0	0	0	0	1	0	0	0	0	0	0	1	0
CLN6	ENSCAFG00000017473	ENSCAFT00000027690	protein_coding	0	0	0	1	0	0	0	0	0	0	0	0	0	1	0	0	0	0	0	0	0	0
CLUAP1	ENSCAFG00000019274	ENSCAFT00000030600	protein_coding	0	0	0	1	0	0	0	0	0	0	0	0	0	1	0	0	0	0	0	0	0	0
CLUAP1	ENSCAFG00000019274	ENSCAFT00000043410	protein_coding	0	0	0	1	0	0	0	0	0	0	0	0	0	1	0	0	0	0	0	0	0	0
CNTN2	ENSCAFG00000024609	ENSCAFT00000037921	protein_coding	0	0	0	1	0	0	0	0	0	0	0	0	0	1	0	0	0	0	0	0	0	0
CNTN2	ENSCAFG00000024609	ENSCAFT00000046325	protein_coding	0	0	0	1	0	0	0	0	0	0	0	0	0	1	0	0	0	0	0	0	0	0
CNTRL	ENSCAFG00000003608	ENSCAFT00000005822	protein_coding	0	0	0	1	0	0	0	0	0	0	0	0	0	1	0	0	0	0	0	0	0	0
COL24A1	ENSCAFG00000020270	ENSCAFT00000032286	protein_coding	0	0	0	2	0	0	0	0	0	0	0	0	0	2	0	0	0	0	0	0	0	0
COL24A1	ENSCAFG00000020270	ENSCAFT00000035747	protein_coding	0	0	0	2	0	0	0	0	0	0	0	0	0	2	0	0	0	0	0	0	0	0
COL2A1	ENSCAFG00000009059	ENSCAFT00000014414	protein_coding	0	0	0	1	0	0	0	0	0	0	0	0	0	1	0	0	0	0	0	0	0	0
COL2A1	ENSCAFG00000009059	ENSCAFT00000023550	protein_coding	0	0	0	1	0	0	0	0	0	0	0	0	0	0	0	0	0	0	0	0	0	1
COL6A6	ENSCAFG00000006035	ENSCAFT00000009739	protein_coding	0	0	1	0	0	0	0	0	0	0	0	0	0	0	1	0	0	0	0	0	0	0
COLEC10	ENSCAFG00000031108	ENSCAFT00000047182	protein_coding	0	0	1	0	0	0	0	0	0	0	0	0	0	0	1	0	0	0	0	0	0	0
COPG1	ENSCAFG00000004255	ENSCAFT00000006920	protein_coding	0	0	0	1	0	0	0	0	0	0	0	0	0	1	0	0	0	0	0	0	0	0
COX18	ENSCAFG00000002962	ENSCAFT00000004743	protein_coding	1	0	0	0	0	0	0	0	0	0	0	0	1	0	0	0	0	0	0	0	0	0
CP	ENSCAFG00000008324	ENSCAFT00000013215	protein_coding	0	0	0	1	0	0	0	0	0	0	0	0	0	1	0	0	0	0	0	0	0	0
CRAMP1	ENSCAFG00000014270	ENSCAFT00000022684	protein_coding	0	0	0	1	0	0	0	0	0	0	0	0	0	1	0	0	0	0	0	0	0	0
CRNN	ENSCAFG00000013000	ENSCAFT00000020640	protein_coding	0	0	1	0	0	0	0	0	0	0	0	0	0	0	1	0	0	0	0	0	0	0
CRNN	ENSCAFG00000013000	ENSCAFT00000049818	protein_coding	0	0	1	0	0	0	0	0	0	0	0	0	0	0	1	0	0	0	0	0	0	0
CROT	ENSCAFG00000001827	ENSCAFT00000002881	protein_coding	0	0	0	1	0	0	0	0	0	0	0	0	0	1	0	0	0	0	0	0	0	0
CROT	ENSCAFG00000001827	ENSCAFT00000045514	protein_coding	0	0	0	1	0	0	0	0	0	0	0	0	0	1	0	0	0	0	0	0	0	0
CSMD1	ENSCAFG00000008686	ENSCAFT00000013889	protein_coding	0	0	0	1	0	0	0	0	0	0	0	0	0	1	0	0	0	0	0	0	0	0
CSMD3	ENSCAFG00000000786	ENSCAFT00000001231	protein_coding	0	0	0	1	0	0	0	0	0	0	0	0	0	1	0	0	0	0	0	0	0	0
CSMD3	ENSCAFG00000000786	ENSCAFT00000001238	protein_coding	0	0	0	1	0	0	0	0	0	0	0	0	0	1	0	0	0	0	0	0	0	0
CTNND1	ENSCAFG00000007767	ENSCAFT00000046798	protein_coding	0	0	0	1	0	0	0	0	0	0	0	0	0	1	0	0	0	0	0	0	0	0
CTNND2	ENSCAFG00000009968	ENSCAFT00000015867	protein_coding	0	0	0	1	0	0	0	0	0	0	0	0	0	1	0	0	0	0	0	0	0	0
CTNND2	ENSCAFG00000009968	ENSCAFT00000043483	protein_coding	0	0	0	1	0	0	0	0	0	0	0	0	0	1	0	0	0	0	0	0	0	0
CYP4V2	ENSCAFG00000007384	ENSCAFT00000011851	protein_coding	0	0	0	1	0	0	0	0	0	0	0	1	0	0	0	0	0	0	0	0	0	0
DARS2	ENSCAFG00000014522	ENSCAFT00000023062	protein_coding	0	1	0	0	0	0	0	0	0	0	0	0	0	0	0	0	0	0	0	0	1	0
DGAT2L6	ENSCAFG00000016773	ENSCAFT00000026550	protein_coding	0	0	0	1	0	0	0	0	0	0	0	1	0	0	0	0	0	0	0	0	0	0
DGCR8	ENSCAFG00000014196	ENSCAFT00000022533	protein_coding	0	0	0	2	0	0	0	0	0	0	0	2	0	0	0	0	0	0	0	0	0	0
DGKQ	ENSCAFG00000016708	ENSCAFT00000036168	protein_coding	0	0	0	2	0	0	0	0	0	0	0	2	0	0	0	0	0	0	0	0	0	0
DHX29	ENSCAFG00000006710	ENSCAFT00000010821	protein_coding	0	0	1	0	0	0	0	0	0	0	0	0	0	0	1	0	0	0	0	0	0	0
DHX29	ENSCAFG00000006710	ENSCAFT00000043416	protein_coding	0	0	1	0	0	0	0	0	0	0	0	0	0	0	1	0	0	0	0	0	0	0
DIAPH3	ENSCAFG00000004902	ENSCAFT00000007901	protein_coding	0	0	1	2	0	0	0	0	0	0	0	0	0	2	1	0	0	0	0	0	0	0
DIAPH3	ENSCAFG00000004902	ENSCAFT00000007906	protein_coding	0	0	1	2	0	0	0	0	0	0	0	0	0	2	1	0	0	0	0	0	0	0
DIAPH3	ENSCAFG00000004902	ENSCAFT00000045223	protein_coding	0	0	1	2	0	0	0	0	0	0	0	0	0	2	1	0	0	0	0	0	0	0
DMBT1	ENSCAFG00000012561	ENSCAFT00000019948	protein_coding	0	0	1	1	0	0	0	0	0	0	0	0	0	1	1	0	0	0	0	0	0	0
DMBT1	ENSCAFG00000012561	ENSCAFT00000019961	protein_coding	0	0	0	1	0	0	0	0	0	0	0	0	0	1	0	0	0	0	0	0	0	0
DMBT1	ENSCAFG00000012561	ENSCAFT00000019984	protein_coding	0	0	0	2	0	0	0	0	0	0	0	0	0	2	0	0	0	0	0	0	0	0
DMBX1	ENSCAFG00000004231	ENSCAFT00000006786	protein_coding	0	0	0	1	0	0	0	0	0	0	0	0	0	1	0	0	0	0	0	0	0	0
DMBX1	ENSCAFG00000004231	ENSCAFT00000047515	protein_coding	0	0	0	1	0	0	0	0	0	0	0	0	0	1	0	0	0	0	0	0	0	0
DOCK1	ENSCAFG00000013062	ENSCAFT00000020801	protein_coding	0	0	0	2	0	0	0	0	0	0	0	0	0	2	0	0	0	0	0	0	0	0
DOCK1	ENSCAFG00000013062	ENSCAFT00000020816	protein_coding	0	0	0	2	0	0	0	0	0	0	0	0	0	2	0	0	0	0	0	0	0	0
DOCK2	ENSCAFG00000016982	ENSCAFT00000026895	protein_coding	0	0	0	1	0	0	0	0	0	0	0	0	0	1	0	0	0	0	0	0	0	0
DOCK3	ENSCAFG00000010229	ENSCAFT00000016280	protein_coding	0	0	0	1	0	0	0	0	0	0	0	0	0	1	0	0	0	0	0	0	0	0
DOCK3	ENSCAFG00000010229	ENSCAFT00000049081	protein_coding	0	0	0	1	0	0	0	0	0	0	0	0	0	1	0	0	0	0	0	0	0	0
DOCK5	ENSCAFG00000009001	ENSCAFT00000014320	protein_coding	0	0	0	1	0	0	0	0	0	0	0	0	0	1	0	0	0	0	0	0	0	0
DPAGT1	ENSCAFG00000012302	ENSCAFT00000019543	protein_coding	0	0	1	0	0	0	0	0	0	0	0	0	0	0	1	0	0	0	0	0	0	0
DPAGT1	ENSCAFG00000012302	ENSCAFT00000044382	protein_coding	0	0	1	0	0	0	0	0	0	0	0	0	0	0	1	0	0	0	0	0	0	0
EDNRB	ENSCAFG00000005187	ENSCAFT00000008371	protein_coding	0	0	1	0	0	0	0	0	0	0	0	0	0	0	1	0	0	0	0	0	0	0
EIF4H	ENSCAFG00000012019	ENSCAFT00000019083	protein_coding	0	0	0	1	0	0	0	0	0	0	0	0	0	1	0	0	0	0	0	0	0	0
ENKD1	ENSCAFG00000020350	ENSCAFT00000032409	protein_coding	0	0	0	1	0	0	0	0	0	0	0	0	0	0	0	0	0	0	0	0	0	1
ENPP7	ENSCAFG00000005554	ENSCAFT00000008949	protein_coding	0	0	0	1	0	0	0	0	0	0	0	0	0	0	0	0	0	0	0	0	0	1
ENSCAFG00000000016	ENSCAFG00000000016	ENSCAFT00000000024	protein_coding	0	1	0	0	0	0	0	0	0	0	0	0	0	0	0	0	0	0	0	0	1	0
ENSCAFG00000000016	ENSCAFG00000000016	ENSCAFT00000000025	protein_coding	0	1	0	0	0	0	0	0	0	0	0	0	0	0	0	0	0	0	0	0	1	0
ENSCAFG00000000709	ENSCAFG00000000709	ENSCAFT00000046122	protein_coding	0	0	0	2	0	0	0	0	0	0	0	0	0	2	0	0	0	0	0	0	0	0
ENSCAFG00000000883	ENSCAFG00000000883	ENSCAFT00000001371	pseudogene	0	0	0	1	0	0	0	0	0	0	0	0	0	0	0	1	0	0	0	0	0	0
ENSCAFG00000001285	ENSCAFG00000001285	ENSCAFT00000001992	protein_coding	0	0	0	1	0	0	0	0	0	0	0	0	0	0	0	0	0	0	0	0	0	1
ENSCAFG00000001434	ENSCAFG00000001434	ENSCAFT00000002249	protein_coding	0	0	0	1	0	0	0	0	0	0	0	0	0	1	0	0	0	0	0	0	0	0
ENSCAFG00000001854	ENSCAFG00000001854	ENSCAFT00000002920	protein_coding	0	0	0	1	0	0	0	0	0	0	0	0	0	1	0	0	0	0	0	0	0	0
ENSCAFG00000002717	ENSCAFG00000002717	ENSCAFT00000004311	protein_coding	0	0	1	0	0	0	0	0	0	0	0	0	0	0	1	0	0	0	0	0	0	0
ENSCAFG00000002717	ENSCAFG00000002717	ENSCAFT00000046357	protein_coding	0	0	1	0	0	0	0	0	0	0	0	0	0	0	1	0	0	0	0	0	0	0
ENSCAFG00000002811	ENSCAFG00000002811	ENSCAFT00000004504	pseudogene	0	0	0	2	0	0	0	0	0	0	0	0	0	0	0	2	0	0	0	0	0	0
ENSCAFG00000003207	ENSCAFG00000003207	ENSCAFT00000005152	protein_coding	0	2	0	0	0	0	0	0	0	0	0	0	0	0	0	0	0	0	0	0	2	0
ENSCAFG00000003240	ENSCAFG00000003240	ENSCAFT00000005203	protein_coding	0	0	0	1	0	0	0	0	0	0	0	0	0	1	0	0	0	0	0	0	0	0
ENSCAFG00000003240	ENSCAFG00000003240	ENSCAFT00000048901	protein_coding	0	0	0	1	0	0	0	0	0	0	0	0	0	1	0	0	0	0	0	0	0	0
ENSCAFG00000004356	ENSCAFG00000004356	ENSCAFT00000007006	protein_coding	0	0	0	1	0	0	0	0	0	0	0	0	0	1	0	0	0	0	0	0	0	0
ENSCAFG00000004356	ENSCAFG00000004356	ENSCAFT00000043520	protein_coding	0	0	0	1	0	0	0	0	0	0	0	0	0	1	0	0	0	0	0	0	0	0
ENSCAFG00000004577	ENSCAFG00000004577	ENSCAFT00000007385	protein_coding	0	0	0	1	0	0	0	0	0	0	0	0	0	1	0	0	0	0	0	0	0	0
ENSCAFG00000004577	ENSCAFG00000004577	ENSCAFT00000007388	protein_coding	0	0	0	1	0	0	0	0	0	0	0	0	0	1	0	0	0	0	0	0	0	0
ENSCAFG00000006576	ENSCAFG00000006576	ENSCAFT00000010609	protein_coding	0	0	0	1	0	0	0	0	0	0	0	0	0	1	0	0	0	0	0	0	0	0
ENSCAFG00000006576	ENSCAFG00000006576	ENSCAFT00000010630	protein_coding	0	0	0	1	0	0	0	0	0	0	0	0	0	1	0	0	0	0	0	0	0	0
ENSCAFG00000006576	ENSCAFG00000006576	ENSCAFT00000010643	protein_coding	0	0	0	1	0	0	0	0	0	0	0	0	0	1	0	0	0	0	0	0	0	0
ENSCAFG00000007154	ENSCAFG00000007154	ENSCAFT00000011515	protein_coding	0	0	0	1	0	0	0	0	0	0	0	0	0	1	0	0	0	0	0	0	0	0
ENSCAFG00000007311	ENSCAFG00000007311	ENSCAFT00000011685	protein_coding	0	0	0	1	0	0	0	0	0	0	0	0	0	1	0	0	0	0	0	0	0	0
ENSCAFG00000007867	ENSCAFG00000007867	ENSCAFT00000012579	protein_coding	0	0	0	1	0	0	0	0	0	0	0	0	0	1	0	0	0	0	0	0	0	0
ENSCAFG00000007867	ENSCAFG00000007867	ENSCAFT00000012580	protein_coding	0	0	0	1	0	0	0	0	0	0	0	0	0	1	0	0	0	0	0	0	0	0
ENSCAFG00000007867	ENSCAFG00000007867	ENSCAFT00000012581	protein_coding	0	0	0	1	0	0	0	0	0	0	0	0	0	1	0	0	0	0	0	0	0	0
ENSCAFG00000008972	ENSCAFG00000008972	ENSCAFT00000014312	protein_coding	0	0	0	1	0	0	0	0	0	0	0	0	0	1	0	0	0	0	0	0	0	0
ENSCAFG00000009135	ENSCAFG00000009135	ENSCAFT00000048582	protein_coding	0	0	0	1	0	0	0	0	0	0	0	0	0	1	0	0	0	0	0	0	0	0
ENSCAFG00000009766	ENSCAFG00000009766	ENSCAFT00000015507	protein_coding	0	0	0	1	0	0	0	0	0	0	0	0	0	0	0	0	0	0	0	0	0	1
ENSCAFG00000010127	ENSCAFG00000010127	ENSCAFT00000016088	protein_coding	0	0	0	1	0	0	0	0	0	0	0	0	0	1	0	0	0	0	0	0	0	0
ENSCAFG00000010391	ENSCAFG00000010391	ENSCAFT00000044501	protein_coding	0	0	0	2	0	0	0	0	0	0	0	0	0	2	0	0	0	0	0	0	0	0
ENSCAFG00000010847	ENSCAFG00000010847	ENSCAFT00000017250	protein_coding	0	0	0	1	0	0	0	0	0	0	0	0	0	0	0	0	0	0	0	0	0	1
ENSCAFG00000011517	ENSCAFG00000011517	ENSCAFT00000018288	protein_coding	0	0	1	0	0	0	0	0	0	0	0	0	0	0	1	0	0	0	0	0	0	0
ENSCAFG00000011817	ENSCAFG00000011817	ENSCAFT00000018820	protein_coding	0	0	0	1	0	0	0	0	0	0	0	0	0	1	0	0	0	0	0	0	0	0
ENSCAFG00000011952	ENSCAFG00000011952	ENSCAFT00000018978	pseudogene	0	0	0	1	0	0	0	0	0	0	0	0	0	0	0	1	0	0	0	0	0	0
ENSCAFG00000012059	ENSCAFG00000012059	ENSCAFT00000019245	protein_coding	0	0	0	1	0	0	0	0	0	0	0	0	0	1	0	0	0	0	0	0	0	0
ENSCAFG00000012059	ENSCAFG00000012059	ENSCAFT00000019264	protein_coding	0	0	0	1	0	0	0	0	0	0	0	0	0	1	0	0	0	0	0	0	0	0
ENSCAFG00000012275	ENSCAFG00000012275	ENSCAFT00000019489	pseudogene	0	0	0	1	0	0	0	0	0	0	0	0	0	0	0	0	0	0	0	0	0	1
ENSCAFG00000012668	ENSCAFG00000012668	ENSCAFT00000020104	protein_coding	0	0	0	1	0	0	0	0	0	0	0	0	0	1	0	0	0	0	0	0	0	0
ENSCAFG00000012865	ENSCAFG00000012865	ENSCAFT00000020446	protein_coding	0	0	1	0	0	0	0	0	0	0	0	0	0	0	1	0	0	0	0	0	0	0
ENSCAFG00000013086	ENSCAFG00000013086	ENSCAFT00000020761	protein_coding	0	0	0	1	0	0	0	0	0	0	0	0	0	1	0	0	0	0	0	0	0	0
ENSCAFG00000013086	ENSCAFG00000013086	ENSCAFT00000044158	protein_coding	0	0	0	1	0	0	0	0	0	0	0	0	0	1	0	0	0	0	0	0	0	0
ENSCAFG00000013430	ENSCAFG00000013430	ENSCAFT00000046927	protein_coding	0	0	0	1	0	0	0	0	0	0	0	0	0	1	0	0	0	0	0	0	0	0
ENSCAFG00000014025	ENSCAFG00000014025	ENSCAFT00000022319	protein_coding	0	1	1	0	0	0	0	0	0	0	0	0	0	0	1	0	0	0	0	0	1	0
ENSCAFG00000014120	ENSCAFG00000014120	ENSCAFT00000022433	protein_coding	0	0	0	1	0	0	0	0	0	0	0	0	0	1	0	0	0	0	0	0	0	0
ENSCAFG00000014120	ENSCAFG00000014120	ENSCAFT00000044659	protein_coding	0	0	0	1	0	0	0	0	0	0	0	0	0	1	0	0	0	0	0	0	0	0
ENSCAFG00000014444	ENSCAFG00000014444	ENSCAFT00000015299	protein_coding	0	0	0	1	0	0	0	0	0	0	0	0	0	1	0	0	0	0	0	0	0	0
ENSCAFG00000014733	ENSCAFG00000014733	ENSCAFT00000023414	protein_coding	0	0	0	1	0	0	0	0	0	0	0	0	0	1	0	0	0	0	0	0	0	0
ENSCAFG00000015206	ENSCAFG00000015206	ENSCAFT00000024140	protein_coding	0	0	0	1	0	0	0	0	0	0	0	1	0	0	0	0	0	0	0	0	0	0
ENSCAFG00000015502	ENSCAFG00000015502	ENSCAFT00000024586	protein_coding	0	0	0	1	0	0	0	0	0	0	0	1	0	0	0	0	0	0	0	0	0	0
ENSCAFG00000016181	ENSCAFG00000016181	ENSCAFT00000025678	protein_coding	0	0	0	1	0	0	0	0	0	0	0	0	0	1	0	0	0	0	0	0	0	0
ENSCAFG00000016640	ENSCAFG00000016640	ENSCAFT00000026363	protein_coding	0	0	0	1	0	0	0	0	0	0	0	0	0	1	0	0	0	0	0	0	0	0
ENSCAFG00000017933	ENSCAFG00000017933	ENSCAFT00000044728	protein_coding	0	0	0	1	0	0	0	0	0	0	0	0	0	1	0	0	0	0	0	0	0	0
ENSCAFG00000018129	ENSCAFG00000018129	ENSCAFT00000028813	protein_coding	0	0	0	1	0	0	0	0	0	0	0	0	0	1	0	0	0	0	0	0	0	0
ENSCAFG00000018136	ENSCAFG00000018136	ENSCAFT00000049945	protein_coding	0	0	0	1	0	0	0	0	0	0	0	0	0	1	0	0	0	0	0	0	0	0
ENSCAFG00000018145	ENSCAFG00000018145	ENSCAFT00000028820	protein_coding	0	0	0	1	0	0	0	0	0	0	0	0	0	1	0	0	0	0	0	0	0	0
ENSCAFG00000018314	ENSCAFG00000018314	ENSCAFT00000029087	protein_coding	0	0	0	1	0	0	0	0	0	0	0	0	0	1	0	0	0	0	0	0	0	0
ENSCAFG00000018314	ENSCAFG00000018314	ENSCAFT00000047747	protein_coding	0	0	0	1	0	0	0	0	0	0	0	0	0	1	0	0	0	0	0	0	0	0
ENSCAFG00000018409	ENSCAFG00000018409	ENSCAFT00000029236	protein_coding	0	0	0	2	0	0	0	0	0	0	0	2	0	0	0	0	0	0	0	0	0	0
ENSCAFG00000018501	ENSCAFG00000018501	ENSCAFT00000029387	protein_coding	0	0	0	1	0	0	0	0	0	0	0	0	0	1	0	0	0	0	0	0	0	0
ENSCAFG00000018501	ENSCAFG00000018501	ENSCAFT00000029398	protein_coding	0	0	0	1	0	0	0	0	0	0	0	0	0	1	0	0	0	0	0	0	0	0
ENSCAFG00000018530	ENSCAFG00000018530	ENSCAFT00000036730	protein_coding	1	0	0	0	0	0	0	0	0	0	0	0	0	1	0	0	0	1	0	0	0	0
ENSCAFG00000018530	ENSCAFG00000018530	ENSCAFT00000036732	protein_coding	1	0	0	0	0	0	0	0	0	0	0	0	0	1	0	0	0	1	0	0	0	0
ENSCAFG00000018568	ENSCAFG00000018568	ENSCAFT00000029474	protein_coding	0	0	0	1	0	0	0	0	0	0	0	0	0	1	0	0	0	0	0	0	0	0
ENSCAFG00000018651	ENSCAFG00000018651	ENSCAFT00000029608	pseudogene	0	0	0	1	0	0	0	0	0	0	0	0	0	0	0	0	0	0	0	0	0	1
ENSCAFG00000018880	ENSCAFG00000018880	ENSCAFT00000029956	protein_coding	0	0	0	1	0	0	0	0	0	0	0	0	0	1	0	0	0	0	0	0	0	0
ENSCAFG00000018880	ENSCAFG00000018880	ENSCAFT00000029969	protein_coding	0	0	0	1	0	0	0	0	0	0	0	0	0	1	0	0	0	0	0	0	0	0
ENSCAFG00000019300	ENSCAFG00000019300	ENSCAFT00000030664	protein_coding	0	0	0	1	0	0	0	0	0	0	0	0	0	1	0	0	0	0	0	0	0	0
ENSCAFG00000019475	ENSCAFG00000019475	ENSCAFT00000030966	protein_coding	0	1	0	0	0	0	0	0	0	0	0	0	0	0	0	0	0	0	0	0	1	0
ENSCAFG00000019517	ENSCAFG00000019517	ENSCAFT00000031023	protein_coding	0	0	0	1	0	0	0	0	0	0	0	0	0	1	0	0	0	0	0	0	0	0
ENSCAFG00000020012	ENSCAFG00000020012	ENSCAFT00000031848	protein_coding	0	0	0	2	0	0	0	0	0	0	0	0	0	2	0	0	0	0	0	0	0	0
ENSCAFG00000020137	ENSCAFG00000020137	ENSCAFT00000032061	protein_coding	0	0	0	2	0	0	0	0	0	0	0	0	0	2	0	0	0	0	0	0	0	0
ENSCAFG00000020400	ENSCAFG00000020400	ENSCAFT00000032485	protein_coding	0	0	0	1	0	0	0	0	0	0	0	0	0	1	0	0	0	0	0	0	0	0
ENSCAFG00000020400	ENSCAFG00000020400	ENSCAFT00000032487	protein_coding	0	0	0	1	0	0	0	0	0	0	0	0	0	1	0	0	0	0	0	0	0	0
ENSCAFG00000021884	ENSCAFG00000021884	ENSCAFT00000033991	misc_RNA	0	0	0	1	0	0	0	0	0	0	0	0	0	0	0	0	0	0	0	0	0	1
ENSCAFG00000022040	ENSCAFG00000022040	ENSCAFT00000034147	snoRNA	0	0	0	1	0	0	0	0	0	0	0	0	0	0	0	0	0	0	0	0	0	1
ENSCAFG00000023219	ENSCAFG00000023219	ENSCAFT00000035565	protein_coding	0	0	0	1	0	0	1	0	0	0	0	0	0	0	0	0	0	0	0	0	0	0
ENSCAFG00000023319	ENSCAFG00000023319	ENSCAFT00000035803	protein_coding	0	0	0	2	0	0	2	0	0	0	0	0	0	0	0	0	0	0	0	0	0	0
ENSCAFG00000023349	ENSCAFG00000023349	ENSCAFT00000035851	protein_coding	0	0	0	1	0	0	0	0	0	0	0	0	0	1	0	0	0	0	0	0	0	0
ENSCAFG00000023349	ENSCAFG00000023349	ENSCAFT00000035852	protein_coding	0	0	0	1	0	0	0	0	0	0	0	0	0	1	0	0	0	0	0	0	0	0
ENSCAFG00000023418	ENSCAFG00000023418	ENSCAFT00000035986	pseudogene	0	0	0	2	0	0	0	0	0	0	0	0	0	0	0	2	0	0	0	0	0	0
ENSCAFG00000023617	ENSCAFG00000023617	ENSCAFT00000036435	protein_coding	0	0	0	1	0	0	0	0	0	0	0	1	0	0	0	0	0	0	0	0	0	0
ENSCAFG00000023918	ENSCAFG00000023918	ENSCAFT00000037028	protein_coding	0	1	0	0	0	0	0	0	0	0	0	0	0	1	0	0	0	0	1	0	0	0
ENSCAFG00000024444	ENSCAFG00000024444	ENSCAFT00000037740	protein_coding	0	0	0	2	0	0	0	0	0	0	0	0	0	2	0	0	0	0	0	0	0	0
ENSCAFG00000024836	ENSCAFG00000024836	ENSCAFT00000004542	protein_coding	0	0	0	1	0	0	0	0	0	0	0	0	0	1	0	0	0	0	0	0	0	0
ENSCAFG00000024836	ENSCAFG00000024836	ENSCAFT00000004578	protein_coding	1	0	0	0	0	0	0	0	0	0	0	0	0	0	0	0	0	0	0	1	0	0
ENSCAFG00000024902	ENSCAFG00000024902	ENSCAFT00000038507	protein_coding	0	0	0	1	0	0	0	0	0	0	0	1	0	0	0	0	0	0	0	0	0	0
ENSCAFG00000025100	ENSCAFG00000025100	ENSCAFT00000031228	protein_coding	0	0	0	1	0	0	0	0	0	0	0	0	0	1	0	0	0	0	0	0	0	0
ENSCAFG00000025123	ENSCAFG00000025123	ENSCAFT00000038938	protein_coding	0	0	0	1	0	0	0	0	0	0	0	0	0	1	0	0	0	0	0	0	0	0
ENSCAFG00000025568	ENSCAFG00000025568	ENSCAFT00000019486	protein_coding	0	0	0	1	0	0	0	0	0	0	0	0	0	0	0	0	0	0	0	0	0	1
ENSCAFG00000025589	ENSCAFG00000025589	ENSCAFT00000039852	protein_coding	0	0	0	2	0	0	0	0	0	0	0	2	0	0	0	0	0	0	0	0	0	0
ENSCAFG00000025872	ENSCAFG00000025872	ENSCAFT00000040155	snoRNA	0	0	0	1	0	0	0	0	0	0	0	0	0	0	0	0	0	0	0	0	0	1
ENSCAFG00000027987	ENSCAFG00000027987	ENSCAFT00000042270	miRNA	0	0	0	2	0	0	0	0	0	0	0	2	0	0	0	0	0	0	0	0	0	0
ENSCAFG00000028157	ENSCAFG00000028157	ENSCAFT00000042440	snoRNA	0	0	0	1	0	0	0	0	0	0	0	0	0	0	0	0	0	0	0	0	0	1
ENSCAFG00000028457	ENSCAFG00000028457	ENSCAFT00000042744	snRNA	0	0	0	1	0	0	0	0	0	0	0	0	0	0	0	0	0	0	0	0	0	1
ENSCAFG00000028490	ENSCAFG00000028490	ENSCAFT00000035279	protein_coding	0	0	0	1	0	0	0	0	0	0	0	0	0	1	0	0	0	0	0	0	0	0
ENSCAFG00000028547	ENSCAFG00000028547	ENSCAFT00000046596	protein_coding	0	0	0	2	0	0	0	0	0	0	0	0	0	2	0	0	0	0	0	0	0	0
ENSCAFG00000028628	ENSCAFG00000028628	ENSCAFT00000045286	protein_coding	0	0	0	2	0	0	0	0	0	0	0	0	0	2	0	0	0	0	0	0	0	0
ENSCAFG00000028656	ENSCAFG00000028656	ENSCAFT00000045673	protein_coding	0	2	0	0	0	0	0	0	0	0	0	0	0	0	0	0	0	0	0	0	2	0
ENSCAFG00000028767	ENSCAFG00000028767	ENSCAFT00000049002	pseudogene	0	0	0	1	0	0	0	0	0	0	0	1	0	0	0	0	0	0	0	0	0	0
ENSCAFG00000028847	ENSCAFG00000028847	ENSCAFT00000021627	protein_coding	0	0	0	1	0	0	0	0	0	0	0	0	0	1	0	0	0	0	0	0	0	0
ENSCAFG00000028850	ENSCAFG00000028850	ENSCAFT00000037674	protein_coding	0	0	0	1	0	0	0	0	0	0	0	0	0	1	0	0	0	0	0	0	0	0
ENSCAFG00000029455	ENSCAFG00000029455	ENSCAFT00000047707	protein_coding	0	0	0	1	0	0	0	0	0	0	0	0	0	1	0	0	0	0	0	0	0	0
ENSCAFG00000029512	ENSCAFG00000029512	ENSCAFT00000044547	miRNA	0	0	0	1	0	0	0	0	0	0	0	1	0	0	0	0	0	0	0	0	0	0
ENSCAFG00000029547	ENSCAFG00000029547	ENSCAFT00000048553	protein_coding	0	0	0	2	0	0	0	0	0	0	0	0	0	2	0	0	0	0	0	0	0	0
ENSCAFG00000029646	ENSCAFG00000029646	ENSCAFT00000048750	protein_coding	0	0	0	1	0	0	0	0	0	0	0	0	0	1	0	0	0	0	0	0	0	0
ENSCAFG00000029657	ENSCAFG00000029657	ENSCAFT00000044771	protein_coding	0	0	0	1	0	0	0	0	0	0	0	1	0	0	0	0	0	0	0	0	0	0
ENSCAFG00000029716	ENSCAFG00000029716	ENSCAFT00000044947	protein_coding	0	0	0	1	0	0	0	0	0	0	0	0	0	0	0	0	0	0	0	0	0	1
ENSCAFG00000029926	ENSCAFG00000029926	ENSCAFT00000044407	protein_coding	0	0	0	1	1	0	0	0	0	0	0	0	0	0	0	0	0	0	0	0	0	0
ENSCAFG00000030044	ENSCAFG00000030044	ENSCAFT00000045513	protein_coding	0	0	0	1	0	0	0	0	0	0	0	1	0	0	0	0	0	0	0	0	0	0
ENSCAFG00000030061	ENSCAFG00000030061	ENSCAFT00000045545	protein_coding	0	0	1	0	0	0	0	0	0	1	0	0	0	0	0	0	0	0	0	0	0	0
ENSCAFG00000030199	ENSCAFG00000030199	ENSCAFT00000045319	protein_coding	0	0	0	1	0	0	0	0	0	0	0	0	0	0	0	0	0	0	0	0	0	1
ENSCAFG00000030258	ENSCAFG00000030258	ENSCAFT00000029354	protein_coding	0	0	0	2	0	0	0	0	0	0	0	0	0	2	0	0	0	0	0	0	0	0
ENSCAFG00000030258	ENSCAFG00000030258	ENSCAFT00000045554	protein_coding	0	0	0	2	0	0	0	0	0	0	0	0	0	0	0	0	0	0	0	0	0	2
ENSCAFG00000030349	ENSCAFG00000030349	ENSCAFT00000046843	protein_coding	0	1	0	0	0	0	0	0	0	0	0	0	0	0	0	0	0	0	0	0	1	0
ENSCAFG00000030356	ENSCAFG00000030356	ENSCAFT00000048335	protein_coding	0	0	0	1	0	0	0	0	0	0	0	1	0	0	0	0	0	0	0	0	0	0
ENSCAFG00000030450	ENSCAFG00000030450	ENSCAFT00000013563	protein_coding	0	0	0	1	0	0	0	0	0	0	0	0	0	0	0	0	0	0	0	0	0	1
ENSCAFG00000030495	ENSCAFG00000030495	ENSCAFT00000047111	protein_coding	0	0	0	1	0	0	0	0	0	0	0	0	0	0	0	0	0	0	0	0	0	1
ENSCAFG00000030595	ENSCAFG00000030595	ENSCAFT00000047750	protein_coding	0	0	0	1	0	0	0	0	0	0	0	0	0	0	0	0	0	0	0	0	0	1
ENSCAFG00000030664	ENSCAFG00000030664	ENSCAFT00000042812	protein_coding	0	0	0	2	0	0	0	0	0	0	0	0	0	0	0	0	0	0	0	0	0	2
ENSCAFG00000030685	ENSCAFG00000030685	ENSCAFT00000046581	protein_coding	0	0	0	1	0	0	0	0	0	0	0	1	0	0	0	0	0	0	0	0	0	0
ENSCAFG00000030700	ENSCAFG00000030700	ENSCAFT00000045919	protein_coding	0	0	0	1	0	0	0	0	0	0	0	0	0	0	0	0	0	0	0	0	0	1
ENSCAFG00000030938	ENSCAFG00000030938	ENSCAFT00000049887	protein_coding	0	0	0	1	0	0	0	0	0	0	0	0	0	1	0	0	0	0	0	0	0	0
ENSCAFG00000030987	ENSCAFG00000030987	ENSCAFT00000047080	protein_coding	0	0	0	1	0	0	0	0	0	0	0	1	0	0	0	0	0	0	0	0	0	0
ENSCAFG00000031208	ENSCAFG00000031208	ENSCAFT00000048103	protein_coding	0	0	0	1	0	0	0	0	0	0	0	0	0	1	0	0	0	0	0	0	0	0
ENSCAFG00000031273	ENSCAFG00000031273	ENSCAFT00000023586	protein_coding	0	0	0	1	0	0	0	0	0	0	0	0	0	1	0	0	0	0	0	0	0	0
ENSCAFG00000031303	ENSCAFG00000031303	ENSCAFT00000045899	protein_coding	0	0	0	2	0	0	0	0	0	0	0	0	0	0	0	0	0	0	0	0	0	2
ENSCAFG00000031363	ENSCAFG00000031363	ENSCAFT00000047696	protein_coding	0	0	1	0	0	0	0	0	0	0	0	0	0	0	1	0	0	0	0	0	0	0
ENSCAFG00000031412	ENSCAFG00000031412	ENSCAFT00000048601	protein_coding	0	0	0	1	0	0	0	0	0	0	0	0	0	1	0	0	0	0	0	0	0	0
ENSCAFG00000031412	ENSCAFG00000031412	ENSCAFT00000048949	protein_coding	0	0	0	1	0	0	0	0	0	0	0	0	0	1	0	0	0	0	0	0	0	0
ENSCAFG00000031604	ENSCAFG00000031604	ENSCAFT00000048106	protein_coding	0	0	1	0	0	0	0	0	0	0	0	0	0	0	1	0	0	0	0	0	0	0
ENSCAFG00000031682	ENSCAFG00000031682	ENSCAFT00000045977	protein_coding	0	0	0	1	0	0	0	0	0	0	0	0	0	1	0	0	0	0	0	0	0	0
ENSCAFG00000031797	ENSCAFG00000031797	ENSCAFT00000045691	protein_coding	0	0	1	0	0	0	0	0	0	0	0	0	0	0	1	0	0	0	0	0	0	0
ENSCAFG00000031893	ENSCAFG00000031893	ENSCAFT00000048617	misc_RNA	0	0	0	1	0	0	0	0	0	0	0	0	0	0	0	0	0	0	0	0	0	1
ENSCAFG00000031973	ENSCAFG00000031973	ENSCAFT00000043073	protein_coding	0	0	0	1	0	0	0	0	0	0	0	0	0	1	0	0	0	0	0	0	0	0
ENSCAFG00000031987	ENSCAFG00000031987	ENSCAFT00000041455	miRNA	0	0	0	2	0	0	0	0	0	0	0	2	0	0	0	0	0	0	0	0	0	0
ENSCAFG00000032043	ENSCAFG00000032043	ENSCAFT00000042835	protein_coding	0	0	0	1	0	0	0	0	0	0	0	0	0	1	0	0	0	0	0	0	0	0
ENSCAFG00000032064	ENSCAFG00000032064	ENSCAFT00000043068	protein_coding	0	0	0	2	0	0	0	0	0	0	0	0	0	0	0	0	0	0	0	0	0	2
ENSCAFG00000032099	ENSCAFG00000032099	ENSCAFT00000045469	protein_coding	0	0	0	4	0	0	0	0	0	0	0	0	0	3	0	0	0	0	0	0	0	1
ENSCAFG00000032230	ENSCAFG00000032230	ENSCAFT00000049749	protein_coding	0	0	1	0	0	0	0	0	0	0	0	0	0	0	1	0	0	0	0	0	0	0
ENSCAFG00000032514	ENSCAFG00000032514	ENSCAFT00000048991	protein_coding	0	0	0	2	0	0	0	0	0	0	0	2	0	0	0	0	0	0	0	0	0	0
ENSCAFG00000032604	ENSCAFG00000032604	ENSCAFT00000036205	protein_coding	0	0	0	1	0	0	0	0	0	0	0	0	0	0	0	0	0	0	0	0	0	1
ENSCAFG00000032649	ENSCAFG00000032649	ENSCAFT00000043230	protein_coding	0	0	1	0	0	0	0	1	0	0	0	0	0	0	0	0	0	0	0	0	0	0
ENSCAFG00000032710	ENSCAFG00000032710	ENSCAFT00000033087	snRNA	0	0	0	1	0	0	0	0	0	0	0	0	0	0	0	0	0	0	0	0	0	1
ENSCAFG00000032755	ENSCAFG00000032755	ENSCAFT00000046924	protein_coding	0	0	0	1	0	0	0	0	0	0	0	0	0	1	0	0	0	0	0	0	0	0
ENSCAFG00000032777	ENSCAFG00000032777	ENSCAFT00000056485	lincRNA	0	0	0	1	0	0	0	0	0	0	0	0	0	1	0	0	0	0	0	0	0	0
ENSCAFG00000033092	ENSCAFG00000033092	ENSCAFT00000050949	lincRNA	0	0	0	1	0	0	0	0	0	0	0	1	0	0	0	0	0	0	0	0	0	0
ENSCAFG00000033135	ENSCAFG00000033135	ENSCAFT00000054125	lincRNA	0	0	0	2	0	0	0	0	0	0	0	0	0	2	0	0	0	0	0	0	0	0
ENSCAFG00000033181	ENSCAFG00000033181	ENSCAFT00000054231	lincRNA	0	0	0	1	0	0	0	0	0	0	0	0	0	0	0	0	0	0	0	0	0	1
ENSCAFG00000033253	ENSCAFG00000033253	ENSCAFT00000053033	lincRNA	0	0	0	2	0	0	0	0	0	0	0	1	0	1	0	0	0	0	0	0	0	0
ENSCAFG00000033253	ENSCAFG00000033253	ENSCAFT00000057340	lincRNA	0	0	0	2	0	0	0	0	0	0	0	1	0	0	0	0	0	0	0	0	0	1
ENSCAFG00000033294	ENSCAFG00000033294	ENSCAFT00000054104	lincRNA	0	0	0	1	0	0	0	0	0	0	0	0	0	1	0	0	0	0	0	0	0	0
ENSCAFG00000033620	ENSCAFG00000033620	ENSCAFT00000051541	lincRNA	0	0	0	1	0	0	0	0	0	0	0	0	0	1	0	0	0	0	0	0	0	0
ENSCAFG00000033751	ENSCAFG00000033751	ENSCAFT00000056841	lincRNA	0	0	0	1	0	0	0	0	0	0	0	0	0	1	0	0	0	0	0	0	0	0
ENSCAFG00000034027	ENSCAFG00000034027	ENSCAFT00000054441	lincRNA	0	0	0	2	0	0	0	0	0	0	0	0	0	2	0	0	0	0	0	0	0	0
ENSCAFG00000034097	ENSCAFG00000034097	ENSCAFT00000056084	lincRNA	0	0	0	1	0	0	0	0	0	0	0	0	0	1	0	0	0	0	0	0	0	0
ENSCAFG00000034218	ENSCAFG00000034218	ENSCAFT00000053799	lincRNA	0	0	0	1	0	0	0	0	0	0	0	0	0	1	0	0	0	0	0	0	0	0
ENSCAFG00000034560	ENSCAFG00000034560	ENSCAFT00000056778	lincRNA	0	0	0	1	0	0	0	0	0	0	0	1	0	0	0	0	0	0	0	0	0	0
ENSCAFG00000034903	ENSCAFG00000034903	ENSCAFT00000055725	lincRNA	0	0	0	1	0	0	0	0	0	0	0	0	0	1	0	0	0	0	0	0	0	0
ENSCAFG00000035007	ENSCAFG00000035007	ENSCAFT00000050879	lincRNA	0	0	0	1	0	0	0	0	0	0	0	0	0	1	0	0	0	0	0	0	0	0
ENSCAFG00000035046	ENSCAFG00000035046	ENSCAFT00000059165	lincRNA	0	0	0	1	0	0	0	0	0	0	0	0	0	0	0	0	0	0	0	0	0	1
ENSCAFG00000035337	ENSCAFG00000035337	ENSCAFT00000057357	lincRNA	0	0	0	5	0	0	0	0	0	0	0	0	0	5	0	0	0	0	0	0	0	0
ENSCAFG00000035371	ENSCAFG00000035371	ENSCAFT00000054978	lincRNA	0	0	0	1	0	0	0	0	0	0	0	1	0	0	0	0	0	0	0	0	0	0
ENSCAFG00000035506	ENSCAFG00000035506	ENSCAFT00000054264	lincRNA	0	0	0	1	0	0	0	0	0	0	0	1	0	0	0	0	0	0	0	0	0	0
ENSCAFG00000035625	ENSCAFG00000035625	ENSCAFT00000051378	lincRNA	0	0	0	1	0	0	0	0	0	0	0	0	0	0	0	0	0	0	0	0	0	1
ENSCAFG00000035625	ENSCAFG00000035625	ENSCAFT00000055188	lincRNA	0	0	0	1	0	0	0	0	0	0	0	0	0	0	0	0	0	0	0	0	0	1
ENSCAFG00000036349	ENSCAFG00000036349	ENSCAFT00000051365	lincRNA	0	0	0	2	0	0	0	0	0	0	0	0	0	2	0	0	0	0	0	0	0	0
ENSCAFG00000036349	ENSCAFG00000036349	ENSCAFT00000051540	lincRNA	0	0	0	2	0	0	0	0	0	0	0	0	0	2	0	0	0	0	0	0	0	0
ENSCAFG00000036349	ENSCAFG00000036349	ENSCAFT00000058143	lincRNA	0	0	0	2	0	0	0	0	0	0	0	0	0	2	0	0	0	0	0	0	0	0
ENSCAFG00000036406	ENSCAFG00000036406	ENSCAFT00000054019	lincRNA	0	0	0	1	0	0	0	0	0	0	0	0	0	0	0	0	0	0	0	0	0	1
ENSCAFG00000036497	ENSCAFG00000036497	ENSCAFT00000052123	lincRNA	0	0	0	1	0	0	0	0	0	0	0	0	0	0	0	0	0	0	0	0	0	1
ENSCAFG00000036543	ENSCAFG00000036543	ENSCAFT00000052371	lincRNA	0	0	0	2	0	0	0	0	0	0	0	0	0	2	0	0	0	0	0	0	0	0
ENSCAFG00000036892	ENSCAFG00000036892	ENSCAFT00000052390	lincRNA	0	0	0	1	0	0	0	0	0	0	0	1	0	0	0	0	0	0	0	0	0	0
ENSCAFG00000036918	ENSCAFG00000036918	ENSCAFT00000052797	lincRNA	0	0	0	1	0	0	0	0	0	0	0	0	0	0	0	0	0	0	0	0	0	1
ENSCAFG00000037069	ENSCAFG00000037069	ENSCAFT00000052643	lincRNA	0	0	0	1	0	0	0	0	0	0	0	1	0	0	0	0	0	0	0	0	0	0
ENSCAFG00000037110	ENSCAFG00000037110	ENSCAFT00000052680	lincRNA	0	0	0	1	0	0	0	0	0	0	0	0	0	1	0	0	0	0	0	0	0	0
ENSCAFG00000037250	ENSCAFG00000037250	ENSCAFT00000058953	lincRNA	0	0	0	2	0	0	0	0	0	0	0	0	0	0	0	0	0	0	0	0	0	2
ENSCAFG00000037323	ENSCAFG00000037323	ENSCAFT00000053100	lincRNA	0	0	0	1	0	0	0	0	0	0	0	0	0	1	0	0	0	0	0	0	0	0
ENSCAFG00000037494	ENSCAFG00000037494	ENSCAFT00000057862	lincRNA	0	0	0	2	0	0	0	0	0	0	0	0	0	0	0	0	0	0	0	0	0	2
ENSCAFG00000037513	ENSCAFG00000037513	ENSCAFT00000056316	lincRNA	0	0	0	2	0	0	0	0	0	0	0	0	0	2	0	0	0	0	0	0	0	0
ENSCAFG00000038195	ENSCAFG00000038195	ENSCAFT00000058382	lincRNA	0	0	0	1	0	0	0	0	0	0	0	1	0	0	0	0	0	0	0	0	0	0
ENSCAFG00000038195	ENSCAFG00000038195	ENSCAFT00000058875	lincRNA	0	0	0	1	0	0	0	0	0	0	0	1	0	0	0	0	0	0	0	0	0	0
ENSCAFG00000038457	ENSCAFG00000038457	ENSCAFT00000054262	lincRNA	0	0	0	1	0	0	0	0	0	0	0	0	0	0	0	0	0	0	0	0	0	1
ENSCAFG00000038524	ENSCAFG00000038524	ENSCAFT00000054797	lincRNA	0	0	0	2	0	0	0	0	0	0	0	0	0	0	0	0	0	0	0	0	0	2
ENSCAFG00000038524	ENSCAFG00000038524	ENSCAFT00000058489	lincRNA	0	0	0	2	0	0	0	0	0	0	0	0	0	0	0	0	0	0	0	0	0	2
ENSCAFG00000038664	ENSCAFG00000038664	ENSCAFT00000055539	lincRNA	0	0	0	2	0	0	0	0	0	0	0	0	0	2	0	0	0	0	0	0	0	0
ENSCAFG00000038892	ENSCAFG00000038892	ENSCAFT00000058385	lincRNA	0	0	0	1	0	0	0	0	0	0	0	0	0	0	0	0	0	0	0	0	0	1
ENSCAFG00000038936	ENSCAFG00000038936	ENSCAFT00000052876	lincRNA	0	0	0	1	0	0	0	0	0	0	0	0	0	1	0	0	0	0	0	0	0	0
ENSCAFG00000038987	ENSCAFG00000038987	ENSCAFT00000057402	lincRNA	0	0	0	1	0	0	0	0	0	0	0	0	0	1	0	0	0	0	0	0	0	0
ENSCAFG00000039037	ENSCAFG00000039037	ENSCAFT00000052130	lincRNA	0	0	0	1	0	0	0	0	0	0	0	0	0	1	0	0	0	0	0	0	0	0
ENSCAFG00000039188	ENSCAFG00000039188	ENSCAFT00000050535	lincRNA	0	0	0	2	0	0	0	0	0	0	0	0	0	0	0	1	0	0	0	0	0	1
ENSCAFG00000039220	ENSCAFG00000039220	ENSCAFT00000051678	lincRNA	0	0	0	1	0	0	0	0	0	0	0	0	0	0	0	0	0	0	0	0	0	1
ENSCAFG00000039417	ENSCAFG00000039417	ENSCAFT00000055578	lincRNA	0	0	0	1	0	0	0	0	0	0	0	0	0	1	0	0	0	0	0	0	0	0
ENSCAFG00000039417	ENSCAFG00000039417	ENSCAFT00000058813	lincRNA	0	0	0	1	0	0	0	0	0	0	0	0	0	1	0	0	0	0	0	0	0	0
ENSCAFG00000039472	ENSCAFG00000039472	ENSCAFT00000056781	lincRNA	0	0	0	1	0	0	0	0	0	0	0	0	0	1	0	0	0	0	0	0	0	0
ENSCAFG00000039486	ENSCAFG00000039486	ENSCAFT00000056486	lincRNA	0	0	0	1	0	0	0	0	0	0	0	0	0	1	0	0	0	0	0	0	0	0
ENSCAFG00000039497	ENSCAFG00000039497	ENSCAFT00000054229	lincRNA	0	0	0	2	0	0	0	0	0	0	0	2	0	0	0	0	0	0	0	0	0	0
ENSCAFG00000039545	ENSCAFG00000039545	ENSCAFT00000057418	lincRNA	0	0	0	1	0	0	0	0	0	0	0	0	0	1	0	0	0	0	0	0	0	0
ENSCAFG00000039736	ENSCAFG00000039736	ENSCAFT00000058880	lincRNA	0	0	0	1	0	0	0	0	0	0	0	0	0	1	0	0	0	0	0	0	0	0
ENSCAFG00000039748	ENSCAFG00000039748	ENSCAFT00000053187	lincRNA	0	0	0	1	0	0	0	0	0	0	0	0	0	0	0	0	0	0	0	0	0	1
ENSCAFG00000039898	ENSCAFG00000039898	ENSCAFT00000052455	lincRNA	0	0	0	4	0	0	0	0	0	0	0	0	0	3	0	0	0	0	0	0	0	1
ENSCAFG00000040008	ENSCAFG00000040008	ENSCAFT00000054976	lincRNA	0	0	0	1	0	0	0	0	0	0	0	0	0	1	0	0	0	0	0	0	0	0
ENSCAFG00000040041	ENSCAFG00000040041	ENSCAFT00000052709	lincRNA	0	0	0	1	0	0	0	0	0	0	0	0	0	0	0	0	0	0	0	0	0	1
ENSCAFG00000040443	ENSCAFG00000040443	ENSCAFT00000054702	lincRNA	0	0	0	1	0	0	0	0	0	0	0	0	0	1	0	0	0	0	0	0	0	0
ENSCAFG00000040865	ENSCAFG00000040865	ENSCAFT00000057509	lincRNA	0	0	0	1	0	0	0	0	0	0	0	1	0	0	0	0	0	0	0	0	0	0
ENTPD2	ENSCAFG00000019522	ENSCAFT00000031028	protein_coding	0	0	0	1	0	0	0	0	0	0	0	1	0	0	0	0	0	0	0	0	0	0
EPB41L4B	ENSCAFG00000002847	ENSCAFT00000004557	protein_coding	0	0	0	1	0	0	0	0	0	0	0	0	0	1	0	0	0	0	0	0	0	0
ERAP2	ENSCAFG00000024646	ENSCAFT00000012446	protein_coding	0	1	0	0	0	0	0	0	0	0	0	0	0	0	0	0	0	0	0	0	1	0
ERAP2	ENSCAFG00000024646	ENSCAFT00000046074	protein_coding	0	1	0	0	0	0	0	0	0	0	0	0	0	0	0	0	0	0	0	0	1	0
ERAP2	ENSCAFG00000024646	ENSCAFT00000046378	protein_coding	0	1	0	0	0	0	0	0	0	0	0	0	0	0	0	0	0	0	0	0	1	0
ESRP2	ENSCAFG00000020320	ENSCAFT00000032365	protein_coding	0	0	0	1	0	0	0	0	0	0	0	0	0	0	0	0	0	0	0	0	0	1
ESRRB	ENSCAFG00000017141	ENSCAFT00000027147	protein_coding	0	0	0	1	1	0	0	0	0	0	0	0	0	0	0	0	0	0	0	0	0	0
FAAH	ENSCAFG00000004254	ENSCAFT00000006827	protein_coding	0	0	1	0	0	0	0	0	0	0	0	0	0	0	1	0	0	0	0	0	0	0
FAM135B	ENSCAFG00000001173	ENSCAFT00000001815	protein_coding	0	1	0	0	0	0	0	0	0	0	0	0	0	0	0	0	0	0	0	0	1	0
FAM149A	ENSCAFG00000007402	ENSCAFT00000038160	protein_coding	0	0	1	0	0	0	0	0	0	0	0	0	0	0	1	0	0	0	0	0	0	0
FAM151B	ENSCAFG00000008823	ENSCAFT00000014018	protein_coding	0	0	0	2	0	0	2	0	0	0	0	0	0	0	0	0	0	0	0	0	0	0
FAM171B	ENSCAFG00000028669	ENSCAFT00000046981	protein_coding	0	0	0	1	0	0	0	0	0	0	0	0	0	0	0	0	0	0	0	0	0	1
FAM174A	ENSCAFG00000024608	ENSCAFT00000037952	protein_coding	0	0	0	1	0	0	0	0	0	0	0	0	0	1	0	0	0	0	0	0	0	0
FAM210A	ENSCAFG00000000173	ENSCAFT00000000281	protein_coding	0	0	0	1	0	0	0	0	0	0	0	0	0	0	0	0	0	0	0	0	0	1
FER1L5	ENSCAFG00000002411	ENSCAFT00000003791	protein_coding	1	0	0	0	0	0	0	0	0	0	0	0	0	1	0	0	1	0	0	0	0	0
FER1L5	ENSCAFG00000002411	ENSCAFT00000044239	protein_coding	0	0	0	1	0	0	0	0	0	0	0	0	0	1	0	0	0	0	0	0	0	0
FER1L5	ENSCAFG00000002411	ENSCAFT00000048203	protein_coding	1	0	0	0	0	0	0	0	0	0	0	0	0	1	0	0	1	0	0	0	0	0
FLOT2	ENSCAFG00000018824	ENSCAFT00000029889	protein_coding	0	0	0	1	0	0	0	0	0	0	0	0	0	0	0	0	0	0	0	0	0	1
FLOT2	ENSCAFG00000018824	ENSCAFT00000029900	protein_coding	0	0	0	1	0	0	0	0	0	0	0	0	0	1	0	0	0	0	0	0	0	0
FMNL2	ENSCAFG00000005811	ENSCAFT00000009376	protein_coding	0	0	0	1	0	0	0	0	0	0	0	0	0	1	0	0	0	0	0	0	0	0
FMNL2	ENSCAFG00000005811	ENSCAFT00000043228	protein_coding	0	0	0	1	0	0	0	0	0	0	0	0	0	1	0	0	0	0	0	0	0	0
FN1	ENSCAFG00000014345	ENSCAFT00000022799	protein_coding	0	0	0	1	0	0	0	0	0	0	0	0	0	1	0	0	0	0	0	0	0	0
FN1	ENSCAFG00000014345	ENSCAFT00000043476	protein_coding	0	0	0	1	0	0	0	0	0	0	0	0	0	1	0	0	0	0	0	0	0	0
FRRS1L	ENSCAFG00000002840	ENSCAFT00000004543	protein_coding	0	0	0	1	0	0	0	0	0	0	0	0	0	1	0	0	0	0	0	0	0	0
FRYL	ENSCAFG00000001972	ENSCAFT00000003138	protein_coding	0	0	0	1	0	0	0	0	0	0	0	0	0	1	0	0	0	0	0	0	0	0
FRYL	ENSCAFG00000001972	ENSCAFT00000003145	protein_coding	0	0	0	1	0	0	0	0	0	0	0	0	0	1	0	0	0	0	0	0	0	0
FTH1	ENSCAFG00000030465	ENSCAFT00000038151	protein_coding	0	0	1	0	0	0	0	0	0	0	0	0	0	0	1	0	0	0	0	0	0	0
FYTTD1	ENSCAFG00000016270	ENSCAFT00000025806	protein_coding	0	0	0	1	0	0	1	0	0	0	0	0	0	0	0	0	0	0	0	0	0	0
GABBR2	ENSCAFG00000002487	ENSCAFT00000003925	protein_coding	0	0	0	1	0	0	0	0	0	0	0	0	0	1	0	0	0	0	0	0	0	0
GALE	ENSCAFG00000013155	ENSCAFT00000020920	protein_coding	0	0	0	1	0	0	0	0	0	0	0	1	0	0	0	0	0	0	0	0	0	0
GCN1	ENSCAFG00000010203	ENSCAFT00000016223	protein_coding	0	0	0	1	0	0	0	0	0	0	0	0	0	1	0	0	0	0	0	0	0	0
GCN1	ENSCAFG00000010203	ENSCAFT00000045195	protein_coding	0	0	0	1	0	0	0	0	0	0	0	0	0	1	0	0	0	0	0	0	0	0
GDI1	ENSCAFG00000019587	ENSCAFT00000031135	protein_coding	0	1	0	0	0	0	0	0	0	0	0	0	0	0	0	0	0	0	0	0	1	0
GDI1	ENSCAFG00000019587	ENSCAFT00000044829	protein_coding	0	0	0	1	0	0	0	0	0	0	0	0	0	1	0	0	0	0	0	0	0	0
GIT2	ENSCAFG00000010725	ENSCAFT00000017114	protein_coding	0	0	1	0	0	0	0	0	0	0	0	0	0	0	1	0	0	0	0	0	0	0
GLI2	ENSCAFG00000004821	ENSCAFT00000007784	protein_coding	0	0	0	1	0	0	0	0	0	0	0	0	0	1	0	0	0	0	0	0	0	0
GLTP	ENSCAFG00000010796	ENSCAFT00000017136	protein_coding	0	0	0	1	0	0	0	0	0	0	0	1	0	0	0	0	0	0	0	0	0	0
GLTP	ENSCAFG00000010796	ENSCAFT00000017196	protein_coding	0	0	0	1	0	0	0	0	0	0	0	0	0	1	0	0	0	0	0	0	0	0
GNB3	ENSCAFG00000014655	ENSCAFT00000023270	protein_coding	0	0	0	1	0	0	0	0	0	0	0	0	0	1	0	0	0	0	0	0	0	0
GNL2	ENSCAFG00000003289	ENSCAFT00000005276	protein_coding	0	0	0	1	0	0	0	0	0	0	0	0	0	1	0	0	0	0	0	0	0	0
GPR174	ENSCAFG00000017297	ENSCAFT00000027400	protein_coding	0	1	0	0	0	0	0	0	0	0	0	0	0	0	0	0	0	0	0	0	1	0
GPSM1	ENSCAFG00000019694	ENSCAFT00000031316	protein_coding	0	0	0	1	0	0	0	0	0	0	0	0	0	1	0	0	0	0	0	0	0	0
GPT	ENSCAFG00000001648	ENSCAFT00000002594	protein_coding	0	0	1	0	0	0	0	0	0	0	0	0	0	0	1	0	0	0	0	0	0	0
GPT	ENSCAFG00000001648	ENSCAFT00000049450	protein_coding	0	0	1	0	0	0	0	0	0	0	0	0	0	0	1	0	0	0	0	0	0	0
GRIN1	ENSCAFG00000019499	ENSCAFT00000031003	protein_coding	0	0	0	1	0	0	0	0	0	0	0	0	0	1	0	0	0	0	0	0	0	0
GRIN1	ENSCAFG00000019499	ENSCAFT00000031009	protein_coding	0	0	0	1	0	0	0	0	0	0	0	0	0	1	0	0	0	0	0	0	0	0
GRIN1	ENSCAFG00000019499	ENSCAFT00000031011	protein_coding	0	0	0	1	0	0	0	0	0	0	0	0	0	1	0	0	0	0	0	0	0	0
GRIN1	ENSCAFG00000019499	ENSCAFT00000035191	protein_coding	0	0	0	1	0	0	0	0	0	0	0	0	0	1	0	0	0	0	0	0	0	0
GRIN1	ENSCAFG00000019499	ENSCAFT00000044506	protein_coding	0	0	0	1	0	0	0	0	0	0	0	0	0	1	0	0	0	0	0	0	0	0
GUCY1A2	ENSCAFG00000014739	ENSCAFT00000023411	protein_coding	0	0	1	0	0	0	0	0	0	0	0	0	0	0	1	0	0	0	0	0	0	0
GUCY1A2	ENSCAFG00000014739	ENSCAFT00000023426	protein_coding	0	0	1	0	0	0	0	0	0	0	0	0	0	0	1	0	0	0	0	0	0	0
GUCY1A2	ENSCAFG00000014739	ENSCAFT00000050163	protein_coding	0	0	1	0	0	0	0	0	0	0	0	0	0	0	1	0	0	0	0	0	0	0
GYG2	ENSCAFG00000011113	ENSCAFT00000017683	protein_coding	0	0	1	0	0	0	0	0	0	0	0	0	0	0	1	0	0	0	0	0	0	0
GZMA	ENSCAFG00000006735	ENSCAFT00000028805	protein_coding	0	0	0	1	0	0	0	0	0	0	0	0	0	1	0	0	0	0	0	0	0	0
HAUS7	ENSCAFG00000019186	ENSCAFT00000030456	protein_coding	0	0	0	1	0	0	0	0	0	0	0	0	0	1	0	0	0	0	0	0	0	0
HDAC6	ENSCAFG00000015620	ENSCAFT00000024781	protein_coding	0	1	0	0	0	0	0	0	0	0	0	0	0	0	0	0	0	0	0	0	1	0
HECW2	ENSCAFG00000010673	ENSCAFT00000016982	protein_coding	0	0	2	0	0	0	0	0	0	0	0	0	0	0	2	0	0	0	0	0	0	0
HECW2	ENSCAFG00000010673	ENSCAFT00000045680	protein_coding	0	0	2	0	0	0	0	0	0	0	0	0	0	0	2	0	0	0	0	0	0	0
HMGCL	ENSCAFG00000013085	ENSCAFT00000047038	protein_coding	0	0	0	1	0	0	0	0	0	0	0	0	0	1	0	0	0	0	0	0	0	0
HMGCR	ENSCAFG00000009517	ENSCAFT00000015129	protein_coding	0	0	0	1	0	0	0	0	0	0	0	0	0	1	0	0	0	0	0	0	0	0
ICAM2	ENSCAFG00000011802	ENSCAFT00000018727	protein_coding	0	0	0	1	0	0	0	0	0	0	0	0	0	1	0	0	0	0	0	0	0	0
ICAM2	ENSCAFG00000011802	ENSCAFT00000038185	protein_coding	0	0	0	1	0	0	0	0	0	0	0	1	0	0	0	0	0	0	0	0	0	0
IFT88	ENSCAFG00000007250	ENSCAFT00000011646	protein_coding	0	0	1	1	1	0	0	0	0	0	0	0	0	0	1	0	0	0	0	0	0	0
IKBKG	ENSCAFG00000019605	ENSCAFT00000031166	protein_coding	0	0	0	1	0	0	0	0	0	0	0	0	0	1	0	0	0	0	0	0	0	0
IL17C	ENSCAFG00000019883	ENSCAFT00000031634	protein_coding	0	0	0	1	0	0	0	0	0	0	0	0	0	0	0	0	0	0	0	0	0	1
INPP4A	ENSCAFG00000002344	ENSCAFT00000003646	protein_coding	0	0	0	1	0	0	0	0	0	0	0	0	0	1	0	0	0	0	0	0	0	0
INTS6L	ENSCAFG00000018914	ENSCAFT00000030027	protein_coding	0	0	0	1	0	0	0	0	0	0	0	0	0	0	0	0	0	0	0	0	0	1
ITGA2B	ENSCAFG00000014145	ENSCAFT00000022461	protein_coding	0	1	0	0	0	0	0	0	0	0	0	0	0	1	0	0	0	0	1	0	0	0
ITGAE	ENSCAFG00000019367	ENSCAFT00000030778	protein_coding	0	0	0	1	0	0	0	0	0	0	0	0	0	1	0	0	0	0	0	0	0	0
JAKMIP2	ENSCAFG00000006634	ENSCAFT00000010703	protein_coding	0	0	0	1	0	0	0	0	0	0	0	0	0	1	0	0	0	0	0	0	0	0
JAKMIP2	ENSCAFG00000006634	ENSCAFT00000035221	protein_coding	0	0	0	1	0	0	0	0	0	0	0	0	0	1	0	0	0	0	0	0	0	0
KCNC2	ENSCAFG00000000479	ENSCAFT00000000758	protein_coding	0	0	1	0	0	0	0	0	0	0	0	0	0	0	1	0	0	0	0	0	0	0
KCNC2	ENSCAFG00000000479	ENSCAFT00000049760	protein_coding	0	0	1	0	0	0	0	0	0	0	0	0	0	0	1	0	0	0	0	0	0	0
KCNE2	ENSCAFG00000009549	ENSCAFT00000015161	protein_coding	0	0	0	1	0	0	0	0	0	0	0	0	0	0	0	0	0	0	0	0	0	1
KCNH1	ENSCAFG00000012077	ENSCAFT00000019169	protein_coding	0	0	0	1	0	0	0	0	0	0	0	0	0	1	0	0	0	0	0	0	0	0
KCNH1	ENSCAFG00000012077	ENSCAFT00000019172	protein_coding	0	0	0	1	0	0	0	0	0	0	0	0	0	1	0	0	0	0	0	0	0	0
KCNH1	ENSCAFG00000012077	ENSCAFT00000045505	protein_coding	0	0	0	1	0	0	0	0	0	0	0	0	0	1	0	0	0	0	0	0	0	0
KCNH1	ENSCAFG00000012077	ENSCAFT00000049703	protein_coding	0	0	0	1	0	0	0	0	0	0	0	0	0	1	0	0	0	0	0	0	0	0
KCNIP2	ENSCAFG00000009952	ENSCAFT00000015832	protein_coding	0	1	0	0	0	0	0	0	0	0	0	0	0	0	0	0	0	0	0	0	1	0
KCNJ8	ENSCAFG00000031280	ENSCAFT00000049622	protein_coding	0	1	0	0	0	0	0	0	0	0	0	0	0	0	0	0	0	0	0	0	1	0
KCNQ1	ENSCAFG00000010231	ENSCAFT00000049837	protein_coding	0	0	0	1	0	0	0	0	0	0	0	0	0	1	0	0	0	0	0	0	0	0
KIAA0141	ENSCAFG00000006236	ENSCAFT00000010073	protein_coding	0	1	0	0	0	0	0	0	0	0	0	0	0	1	0	0	0	0	1	0	0	0
KIAA0232	ENSCAFG00000014342	ENSCAFT00000022778	protein_coding	0	1	0	0	0	0	0	0	0	0	0	0	0	0	0	0	0	0	0	0	1	0
KIF17	ENSCAFG00000015035	ENSCAFT00000023864	protein_coding	0	0	0	1	0	0	0	0	0	0	0	0	0	1	0	0	0	0	0	0	0	0
KIF17	ENSCAFG00000015035	ENSCAFT00000043067	protein_coding	0	0	0	1	0	0	0	0	0	0	0	0	0	1	0	0	0	0	0	0	0	0
KIN	ENSCAFG00000005034	ENSCAFT00000008094	protein_coding	0	0	0	1	0	0	0	0	0	0	0	0	0	1	0	0	0	0	0	0	0	0
KIN	ENSCAFG00000005034	ENSCAFT00000048187	protein_coding	0	0	0	1	0	0	0	0	0	0	0	0	0	1	0	0	0	0	0	0	0	0
KITLG	ENSCAFG00000006091	ENSCAFT00000009854	protein_coding	0	0	0	1	0	0	0	0	0	0	0	0	0	1	0	0	0	0	0	0	0	0
KLC4	ENSCAFG00000001787	ENSCAFT00000002805	protein_coding	0	0	0	2	0	0	0	0	0	0	0	0	0	2	0	0	0	0	0	0	0	0
KMT2A	ENSCAFG00000012691	ENSCAFT00000043279	protein_coding	0	0	0	1	0	0	0	0	0	0	0	0	0	1	0	0	0	0	0	0	0	0
KPNA3	ENSCAFG00000004325	ENSCAFT00000006946	protein_coding	0	0	0	1	0	0	0	0	0	0	0	0	0	1	0	0	0	0	0	0	0	0
KRT5	ENSCAFG00000007251	ENSCAFT00000044206	protein_coding	0	0	0	1	0	0	0	0	0	0	0	0	0	1	0	0	0	0	0	0	0	0
KYAT1	ENSCAFG00000020030	ENSCAFT00000031874	protein_coding	0	0	0	1	0	0	0	0	0	0	0	0	0	1	0	0	0	0	0	0	0	0
L3MBTL1	ENSCAFG00000009291	ENSCAFT00000014765	protein_coding	0	1	0	0	0	0	0	0	0	0	0	0	0	0	0	0	0	0	0	0	1	0
L3MBTL1	ENSCAFG00000009291	ENSCAFT00000049153	protein_coding	0	1	0	0	0	0	0	0	0	0	0	0	0	0	0	0	0	0	0	0	1	0
LAMA3	ENSCAFG00000018173	ENSCAFT00000028869	protein_coding	0	0	0	1	0	0	0	0	0	0	0	0	0	1	0	0	0	0	0	0	0	0
LAMA4	ENSCAFG00000004043	ENSCAFT00000006483	protein_coding	0	0	0	2	0	0	0	0	0	0	0	0	0	2	0	0	0	0	0	0	0	0
LARP1B	ENSCAFG00000003831	ENSCAFT00000006170	protein_coding	0	0	0	1	0	0	0	0	0	0	0	0	0	1	0	0	0	0	0	0	0	0
LARP1B	ENSCAFG00000003831	ENSCAFT00000006179	protein_coding	0	0	0	1	0	0	0	0	0	0	0	0	0	1	0	0	0	0	0	0	0	0
LARP1B	ENSCAFG00000003831	ENSCAFT00000045950	protein_coding	0	0	0	1	0	0	0	0	0	0	0	0	0	1	0	0	0	0	0	0	0	0
LAT2	ENSCAFG00000012003	ENSCAFT00000019064	protein_coding	0	0	0	1	0	0	0	0	0	0	0	0	0	1	0	0	0	0	0	0	0	0
LDLRAD3	ENSCAFG00000006840	ENSCAFT00000011003	protein_coding	0	0	0	1	0	0	0	0	0	0	0	0	0	1	0	0	0	0	0	0	0	0
LGR6	ENSCAFG00000010521	ENSCAFT00000016729	protein_coding	0	0	0	1	0	0	0	0	0	0	0	0	0	1	0	0	0	0	0	0	0	0
LIX1L	ENSCAFG00000011371	ENSCAFT00000018074	protein_coding	0	0	0	2	0	0	0	0	0	0	0	0	0	2	0	0	0	0	0	0	0	0
LMAN2L	ENSCAFG00000002406	ENSCAFT00000003784	protein_coding	0	0	0	1	0	0	0	0	0	0	0	1	0	0	0	0	0	0	0	0	0	0
LMAN2L	ENSCAFG00000002406	ENSCAFT00000049515	protein_coding	0	0	0	1	0	0	0	0	0	0	0	1	0	0	0	0	0	0	0	0	0	0
LRG1	ENSCAFG00000019015	ENSCAFT00000030199	protein_coding	0	0	0	1	0	0	0	0	0	0	0	0	0	0	0	0	0	0	0	0	0	1
LRG1	ENSCAFG00000019015	ENSCAFT00000046877	protein_coding	0	0	0	1	0	0	0	0	0	0	0	0	0	0	0	0	0	0	0	0	0	1
LYPLA2	ENSCAFG00000030641	ENSCAFT00000047677	protein_coding	0	0	0	1	0	0	1	0	0	0	0	0	0	0	0	0	0	0	0	0	0	0
MAGI3	ENSCAFG00000013122	ENSCAFT00000020871	protein_coding	0	0	0	1	0	0	0	0	0	0	0	0	0	1	0	0	0	0	0	0	0	0
MAGI3	ENSCAFG00000013122	ENSCAFT00000046642	protein_coding	0	0	0	1	0	0	0	0	0	0	0	0	0	1	0	0	0	0	0	0	0	0
MAGT1	ENSCAFG00000017259	ENSCAFT00000027341	protein_coding	0	1	0	0	0	0	0	0	0	0	0	0	0	1	0	0	0	0	1	0	0	0
MAGT1	ENSCAFG00000017259	ENSCAFT00000048862	protein_coding	0	1	0	0	0	0	0	0	0	0	0	0	0	1	0	0	0	0	1	0	0	0
MAMDC2	ENSCAFG00000001890	ENSCAFT00000002991	protein_coding	0	0	0	1	0	0	0	0	0	0	0	0	0	1	0	0	0	0	0	0	0	0
MAML2	ENSCAFG00000004087	ENSCAFT00000006542	protein_coding	0	1	0	0	0	0	0	0	0	0	0	0	0	0	0	0	0	0	0	0	1	0
MAML2	ENSCAFG00000004087	ENSCAFT00000048112	protein_coding	0	1	0	0	0	0	0	0	0	0	0	0	0	0	0	0	0	0	0	0	1	0
MANEAL	ENSCAFG00000003255	ENSCAFT00000005223	protein_coding	0	0	0	1	0	0	0	0	0	0	0	0	0	1	0	0	0	0	0	0	0	0
MAPK4	ENSCAFG00000013287	ENSCAFT00000021077	protein_coding	0	0	0	2	0	0	0	0	0	0	0	0	0	2	0	0	0	0	0	0	0	0
MAPRE3	ENSCAFG00000004627	ENSCAFT00000007456	protein_coding	0	0	0	1	0	0	0	0	0	0	0	0	0	1	0	0	0	0	0	0	0	0
MCM9	ENSCAFG00000000938	ENSCAFT00000001448	protein_coding	0	0	0	1	0	0	0	0	0	0	0	0	0	1	0	0	0	0	0	0	0	0
MCM9	ENSCAFG00000000938	ENSCAFT00000048586	protein_coding	0	0	0	1	0	0	0	0	0	0	0	0	0	1	0	0	0	0	0	0	0	0
MEF2D	ENSCAFG00000016806	ENSCAFT00000026608	protein_coding	0	0	0	1	0	0	0	0	0	0	0	0	0	0	0	0	0	0	0	0	0	1
MEF2D	ENSCAFG00000016806	ENSCAFT00000048937	protein_coding	0	0	0	1	0	0	0	0	0	0	0	0	0	0	0	0	0	0	0	0	0	1
MFN2	ENSCAFG00000016472	ENSCAFT00000026136	protein_coding	0	0	0	1	0	0	0	0	0	0	0	0	0	1	0	0	0	0	0	0	0	0
MFSD3	ENSCAFG00000001655	ENSCAFT00000002600	protein_coding	0	0	0	1	0	0	0	0	0	0	0	0	0	0	0	0	0	0	0	0	0	1
MFSD3	ENSCAFG00000001655	ENSCAFT00000044183	protein_coding	0	0	0	1	0	0	0	0	0	0	0	0	0	0	0	0	0	0	0	0	0	1
MGAT4A	ENSCAFG00000002323	ENSCAFT00000046803	protein_coding	0	0	0	1	0	0	0	0	0	0	0	0	0	1	0	0	0	0	0	0	0	0
MID1IP1	ENSCAFG00000014056	ENSCAFT00000022310	protein_coding	0	0	1	0	0	0	0	0	0	0	0	0	0	0	1	0	0	0	0	0	0	0
MIIP	ENSCAFG00000016433	ENSCAFT00000026048	protein_coding	0	0	0	1	0	0	0	0	0	0	0	1	0	0	0	0	0	0	0	0	0	0
MIIP	ENSCAFG00000016433	ENSCAFT00000047103	protein_coding	0	0	0	1	0	0	0	0	0	0	0	1	0	0	0	0	0	0	0	0	0	0
MINA	ENSCAFG00000009120	ENSCAFT00000038254	protein_coding	0	0	1	0	0	0	0	0	0	0	0	0	0	0	1	0	0	0	0	0	0	0
MIOX	ENSCAFG00000000561	ENSCAFT00000000869	protein_coding	0	0	0	1	0	0	0	0	0	0	0	0	0	0	0	0	0	0	0	0	0	1
MIOX	ENSCAFG00000000561	ENSCAFT00000047866	protein_coding	0	0	0	1	0	0	0	0	0	0	0	0	0	1	0	0	0	0	0	0	0	0
MLPH	ENSCAFG00000012236	ENSCAFT00000019444	protein_coding	0	0	0	1	0	0	0	0	0	0	0	0	0	0	0	0	0	0	0	0	0	1
MORC2	ENSCAFG00000012861	ENSCAFT00000020429	protein_coding	0	0	0	1	0	0	0	0	0	0	0	0	0	1	0	0	0	0	0	0	0	0
MORC2	ENSCAFG00000012861	ENSCAFT00000044244	protein_coding	0	0	0	1	0	0	0	0	0	0	0	0	0	1	0	0	0	0	0	0	0	0
MRPL21	ENSCAFG00000031492	ENSCAFT00000049888	protein_coding	0	0	0	1	1	0	0	0	0	0	0	0	0	0	0	0	0	0	0	0	0	0
MSRA	ENSCAFG00000008143	ENSCAFT00000012950	protein_coding	0	0	0	1	0	0	0	0	0	0	0	0	0	1	0	0	0	0	0	0	0	0
MTDH	ENSCAFG00000009488	ENSCAFT00000015078	protein_coding	0	0	0	1	0	0	0	0	0	0	0	0	0	1	0	0	0	0	0	0	0	0
MTDH	ENSCAFG00000009488	ENSCAFT00000046111	protein_coding	0	0	0	1	0	0	0	0	0	0	0	0	0	1	0	0	0	0	0	0	0	0
MYOCD	ENSCAFG00000017863	ENSCAFT00000028347	protein_coding	0	0	0	1	0	0	0	0	0	0	0	0	0	1	0	0	0	0	0	0	0	0
MYOCD	ENSCAFG00000017863	ENSCAFT00000028351	protein_coding	0	0	0	1	0	0	0	0	0	0	0	0	0	1	0	0	0	0	0	0	0	0
MYRIP	ENSCAFG00000005114	ENSCAFT00000008225	protein_coding	0	1	0	0	0	0	0	0	0	0	0	0	0	1	0	0	0	0	1	0	0	0
N4BP3	ENSCAFG00000000235	ENSCAFT00000000370	protein_coding	0	0	0	1	0	0	0	0	0	0	0	0	0	0	0	0	0	0	0	0	0	1
NAMPT	ENSCAFG00000003992	ENSCAFT00000006403	protein_coding	0	0	0	1	0	0	0	0	0	0	0	0	0	0	0	0	0	0	0	0	0	1
NAMPT	ENSCAFG00000003992	ENSCAFT00000049425	protein_coding	0	0	0	1	0	0	0	0	0	0	0	0	0	0	0	0	0	0	0	0	0	1
NAV2	ENSCAFG00000009777	ENSCAFT00000015561	protein_coding	0	0	0	1	0	0	0	0	0	0	0	0	0	1	0	0	0	0	0	0	0	0
NAV2	ENSCAFG00000009777	ENSCAFT00000015573	protein_coding	0	0	0	1	0	0	0	0	0	0	0	0	0	1	0	0	0	0	0	0	0	0
NCKAP1L	ENSCAFG00000006413	ENSCAFT00000010414	protein_coding	0	0	0	1	0	0	0	0	0	0	0	0	0	1	0	0	0	0	0	0	0	0
NCKAP1L	ENSCAFG00000006413	ENSCAFT00000043331	protein_coding	0	0	0	1	0	0	0	0	0	0	0	0	0	1	0	0	0	0	0	0	0	0
NDST1	ENSCAFG00000023069	ENSCAFT00000035204	protein_coding	0	0	0	1	0	0	0	0	0	0	0	0	0	0	0	0	0	0	0	0	0	1
NECTIN4	ENSCAFG00000012722	ENSCAFT00000020174	protein_coding	0	0	0	1	0	0	0	0	0	0	0	1	0	0	0	0	0	0	0	0	0	0
NELL1	ENSCAFG00000009933	ENSCAFT00000015919	protein_coding	0	0	1	0	0	0	0	0	0	0	0	0	0	0	1	0	0	0	0	0	0	0
NFIA	ENSCAFG00000023117	ENSCAFT00000029928	protein_coding	0	0	1	1	0	0	0	0	0	0	0	0	0	1	1	0	0	0	0	0	0	0
NIPA2	ENSCAFG00000009743	ENSCAFT00000015476	protein_coding	0	0	0	1	0	0	0	0	0	0	0	0	0	0	0	0	0	0	0	0	0	1
NKAIN4	ENSCAFG00000012785	ENSCAFT00000020293	protein_coding	0	0	0	1	0	0	0	0	0	0	0	1	0	0	0	0	0	0	0	0	0	0
NPDC1	ENSCAFG00000019525	ENSCAFT00000031030	protein_coding	0	0	0	1	0	0	0	0	0	0	0	0	0	1	0	0	0	0	0	0	0	0
NR1I2	ENSCAFG00000011094	ENSCAFT00000017654	protein_coding	0	0	0	1	0	0	0	0	0	0	0	0	0	1	0	0	0	0	0	0	0	0
NR1I2	ENSCAFG00000011094	ENSCAFT00000043797	protein_coding	0	0	0	1	0	0	0	0	0	0	0	0	0	1	0	0	0	0	0	0	0	0
NR2E1	ENSCAFG00000003761	ENSCAFT00000006050	protein_coding	0	0	0	1	0	0	0	0	0	0	0	0	0	1	0	0	0	0	0	0	0	0
NR2E1	ENSCAFG00000003761	ENSCAFT00000035327	protein_coding	0	0	0	1	0	0	0	0	0	0	0	0	0	0	0	0	0	0	0	0	0	1
NR5A2	ENSCAFG00000011176	ENSCAFT00000017785	protein_coding	0	0	0	1	0	0	0	0	0	0	0	0	0	0	0	0	0	0	0	0	0	1
NRBP2	ENSCAFG00000001405	ENSCAFT00000002173	protein_coding	0	0	0	1	0	0	0	0	0	0	0	0	0	0	0	0	0	0	0	0	0	1
NRP2	ENSCAFG00000013191	ENSCAFT00000021053	protein_coding	0	0	1	0	0	0	0	0	0	0	0	0	0	0	1	0	0	0	0	0	0	0
NRXN2	ENSCAFG00000014338	ENSCAFT00000022782	protein_coding	0	0	0	1	0	0	0	0	0	0	0	0	0	1	0	0	0	0	0	0	0	0
NRXN2	ENSCAFG00000014338	ENSCAFT00000047054	protein_coding	0	0	0	1	0	0	0	0	0	0	0	0	0	1	0	0	0	0	0	0	0	0
OLFML3	ENSCAFG00000009334	ENSCAFT00000014855	protein_coding	0	0	0	2	0	0	0	0	0	0	0	2	0	0	0	0	0	0	0	0	0	0
OR10J3	ENSCAFG00000023635	ENSCAFT00000036472	protein_coding	0	0	1	0	0	0	0	0	0	0	0	0	0	0	1	0	0	0	0	0	0	0
OSBPL1A	ENSCAFG00000014108	ENSCAFT00000022395	protein_coding	0	0	0	1	0	0	0	0	0	0	0	0	0	1	0	0	0	0	0	0	0	0
P3H3	ENSCAFG00000031318	ENSCAFT00000023278	protein_coding	0	0	0	1	0	0	0	0	0	0	0	1	0	0	0	0	0	0	0	0	0	0
P3H3	ENSCAFG00000031318	ENSCAFT00000049400	protein_coding	0	0	0	1	0	0	0	0	0	0	0	1	0	0	0	0	0	0	0	0	0	0
PADI6	ENSCAFG00000015759	ENSCAFT00000024976	protein_coding	0	0	0	1	0	0	0	0	0	0	0	0	0	1	0	0	0	0	0	0	0	0
PANX2	ENSCAFG00000000699	ENSCAFT00000035173	protein_coding	0	0	0	1	0	0	0	0	0	0	0	1	0	0	0	0	0	0	0	0	0	0
PAPPA2	ENSCAFG00000014225	ENSCAFT00000022611	protein_coding	0	0	1	0	0	0	0	0	0	0	0	0	0	0	1	0	0	0	1	0	0	0
PAPPA2	ENSCAFG00000014225	ENSCAFT00000048122	protein_coding	0	0	1	0	0	0	0	0	0	0	0	0	0	0	1	0	0	0	1	0	0	0
PARD6A	ENSCAFG00000031576	ENSCAFT00000050072	protein_coding	0	0	0	1	0	0	0	0	0	0	0	1	0	0	0	0	0	0	0	0	0	0
PASK	ENSCAFG00000012846	ENSCAFT00000020384	protein_coding	0	0	0	1	0	0	0	0	0	0	0	0	0	1	0	0	0	0	0	0	0	0
PBRM1	ENSCAFG00000009084	ENSCAFT00000014499	protein_coding	0	0	0	1	0	0	0	0	0	0	0	0	0	1	0	0	0	0	0	0	0	0
PBRM1	ENSCAFG00000009084	ENSCAFT00000014524	protein_coding	0	0	0	1	0	0	0	0	0	0	0	0	0	1	0	0	0	0	0	0	0	0
PCBP3	ENSCAFG00000011907	ENSCAFT00000010991	protein_coding	0	0	0	1	0	0	0	0	0	0	0	0	0	1	0	0	0	0	0	0	0	0
PCBP3	ENSCAFG00000011907	ENSCAFT00000018912	protein_coding	0	0	0	1	0	0	0	0	0	0	0	0	0	1	0	0	0	0	0	0	0	0
PCID2	ENSCAFG00000006269	ENSCAFT00000010149	protein_coding	0	0	0	1	1	0	0	0	0	0	0	0	0	0	0	0	0	0	0	0	0	0
PDE5A	ENSCAFG00000012472	ENSCAFT00000019808	protein_coding	0	0	0	1	0	0	0	0	0	0	0	0	0	1	0	0	0	0	0	0	0	0
PDE5A	ENSCAFG00000012472	ENSCAFT00000038959	protein_coding	0	0	0	1	0	0	0	0	0	0	0	0	0	1	0	0	0	0	0	0	0	0
PDE6H	ENSCAFG00000012874	ENSCAFT00000020427	protein_coding	0	1	0	4	0	0	0	0	0	0	0	0	0	5	0	0	0	0	1	0	0	0
PDGFRA	ENSCAFG00000002057	ENSCAFT00000003270	protein_coding	0	1	0	0	0	0	0	0	0	0	0	0	0	0	0	0	0	0	0	0	1	0
PDGFRB	ENSCAFG00000018214	ENSCAFT00000000773	protein_coding	0	0	0	1	0	0	0	0	0	0	0	0	0	1	0	0	0	0	0	0	0	0
PDPN	ENSCAFG00000016363	ENSCAFT00000025944	protein_coding	0	0	0	2	0	0	0	0	0	0	0	2	0	0	0	0	0	0	0	0	0	0
PDPN	ENSCAFG00000016363	ENSCAFT00000037744	protein_coding	0	0	0	2	0	0	0	0	0	0	0	2	0	0	0	0	0	0	0	0	0	0
PDPN	ENSCAFG00000016363	ENSCAFT00000046205	protein_coding	0	0	0	2	0	0	0	0	0	0	0	0	0	2	0	0	0	0	0	0	0	0
PEPD	ENSCAFG00000007377	ENSCAFT00000011842	protein_coding	0	0	0	2	0	0	0	0	0	0	0	0	0	2	0	0	0	0	0	0	0	0
PER1	ENSCAFG00000016984	ENSCAFT00000026906	protein_coding	0	0	0	1	0	0	0	0	0	0	0	0	0	1	0	0	0	0	0	0	0	0
PEX1	ENSCAFG00000001977	ENSCAFT00000003132	protein_coding	0	0	0	1	0	0	0	0	0	0	0	0	0	1	0	0	0	0	0	0	0	0
PEX1	ENSCAFG00000001977	ENSCAFT00000038397	protein_coding	0	0	0	1	0	0	0	0	0	0	0	0	0	1	0	0	0	0	0	0	0	0
PFKFB4	ENSCAFG00000012493	ENSCAFT00000019881	protein_coding	0	0	0	1	0	0	0	0	0	0	0	0	0	1	0	0	0	0	0	0	0	0
PHF2	ENSCAFG00000002253	ENSCAFT00000003538	protein_coding	0	0	0	1	0	0	0	0	0	0	0	0	0	1	0	0	0	0	0	0	0	0
PHF2	ENSCAFG00000002253	ENSCAFT00000048688	protein_coding	0	0	0	1	0	0	0	0	0	0	0	0	0	1	0	0	0	0	0	0	0	0
PHKG2	ENSCAFG00000016653	ENSCAFT00000026395	protein_coding	0	0	1	0	0	0	0	0	0	0	0	0	0	0	1	0	0	0	0	0	0	0
PIK3R6	ENSCAFG00000017382	ENSCAFT00000027538	protein_coding	0	0	0	1	0	0	0	0	0	0	0	0	0	1	0	0	0	0	0	0	0	0
PITHD1	ENSCAFG00000013210	ENSCAFT00000020961	protein_coding	0	0	0	1	0	0	0	0	0	0	0	1	0	0	0	0	0	0	0	0	0	0
PITX1	ENSCAFG00000001065	ENSCAFT00000001631	protein_coding	0	1	0	0	0	0	0	0	0	0	0	0	0	0	0	0	0	0	0	0	1	0
PKD1L1	ENSCAFG00000014734	ENSCAFT00000023399	protein_coding	0	0	0	1	0	0	0	0	0	0	0	0	0	1	0	0	0	0	0	0	0	0
PKD1L1	ENSCAFG00000014734	ENSCAFT00000042831	protein_coding	0	0	0	1	0	0	0	0	0	0	0	0	0	1	0	0	0	0	0	0	0	0
PLA2G15	ENSCAFG00000020318	ENSCAFT00000032360	protein_coding	0	0	0	1	0	0	0	0	0	0	0	0	0	0	0	0	0	0	0	0	0	1
PLB1	ENSCAFG00000005225	ENSCAFT00000008431	protein_coding	0	0	0	1	0	0	0	0	0	0	0	0	0	1	0	0	0	0	0	0	0	0
PLB1	ENSCAFG00000005225	ENSCAFT00000008437	protein_coding	0	0	0	1	0	0	0	0	0	0	0	0	0	1	0	0	0	0	0	0	0	0
PLCB3	ENSCAFG00000014542	ENSCAFT00000023114	protein_coding	0	0	0	1	0	0	0	0	0	0	0	0	0	1	0	0	0	0	0	0	0	0
PLCB3	ENSCAFG00000014542	ENSCAFT00000047129	protein_coding	0	0	0	1	0	0	0	0	0	0	0	0	0	1	0	0	0	0	0	0	0	0
PLCD1	ENSCAFG00000004931	ENSCAFT00000007940	protein_coding	0	0	0	1	0	0	0	0	0	0	0	1	0	0	0	0	0	0	0	0	0	0
PLCD1	ENSCAFG00000004931	ENSCAFT00000039714	protein_coding	0	0	0	1	0	0	0	0	0	0	0	1	0	0	0	0	0	0	0	0	0	0
PLIN4	ENSCAFG00000015323	ENSCAFT00000049351	protein_coding	0	0	0	1	0	0	0	0	0	0	0	0	0	1	0	0	0	0	0	0	0	0
PLXNA4	ENSCAFG00000001362	ENSCAFT00000002128	protein_coding	0	0	0	1	0	0	0	0	0	0	0	0	0	1	0	0	0	0	0	0	0	0
PLXND1	ENSCAFG00000004613	ENSCAFT00000007454	protein_coding	0	0	1	0	0	0	0	0	0	0	0	0	0	0	1	0	0	0	0	0	0	0
PNLIPRP1	ENSCAFG00000011852	ENSCAFT00000018834	protein_coding	0	0	1	0	0	0	0	0	0	0	0	0	0	0	1	0	0	0	0	0	0	0
POC5	ENSCAFG00000009352	ENSCAFT00000014892	protein_coding	0	1	0	0	0	0	0	0	0	0	0	0	0	0	0	0	0	0	0	0	1	0
POC5	ENSCAFG00000009352	ENSCAFT00000035934	protein_coding	0	1	0	0	0	0	0	0	0	0	0	0	0	0	0	0	0	0	0	0	1	0
POGK	ENSCAFG00000015613	ENSCAFT00000024738	protein_coding	0	0	0	1	0	0	0	0	0	0	0	0	0	0	0	0	0	0	0	0	0	1
POR	ENSCAFG00000013467	ENSCAFT00000021363	protein_coding	0	0	1	0	0	0	0	0	0	0	0	0	0	0	1	0	0	0	0	0	0	0
PPFIA4	ENSCAFG00000010321	ENSCAFT00000016404	protein_coding	0	0	0	1	0	0	0	0	0	0	0	0	0	1	0	0	0	0	0	0	0	0
PPFIA4	ENSCAFG00000010321	ENSCAFT00000049037	protein_coding	0	0	0	1	0	0	0	0	0	0	0	0	0	1	0	0	0	0	0	0	0	0
PPFIBP2	ENSCAFG00000006757	ENSCAFT00000010885	protein_coding	0	0	0	1	0	0	0	0	0	0	0	0	0	1	0	0	0	0	0	0	0	0
PPFIBP2	ENSCAFG00000006757	ENSCAFT00000046883	protein_coding	0	0	0	1	0	0	0	0	0	0	0	0	0	1	0	0	0	0	0	0	0	0
PPM1L	ENSCAFG00000014325	ENSCAFT00000022754	protein_coding	0	0	0	2	0	0	0	0	0	0	0	0	0	2	0	0	0	0	0	0	0	0
PPP1R16A	ENSCAFG00000001636	ENSCAFT00000002573	protein_coding	0	0	0	1	0	0	0	0	0	0	0	1	0	0	0	0	0	0	0	0	0	0
PPP1R16A	ENSCAFG00000001636	ENSCAFT00000037819	protein_coding	0	0	0	1	0	0	0	0	0	0	0	1	0	0	0	0	0	0	0	0	0	0
PPP1R1C	ENSCAFG00000014240	ENSCAFT00000022605	protein_coding	0	0	0	1	0	0	0	0	0	0	0	0	0	0	0	0	0	0	0	0	0	1
PPP1R1C	ENSCAFG00000014240	ENSCAFT00000044038	protein_coding	0	0	0	1	0	0	0	0	0	0	0	0	0	1	0	0	0	0	0	0	0	0
PPP1R21	ENSCAFG00000002688	ENSCAFT00000036478	protein_coding	0	0	0	1	0	0	0	0	0	0	0	0	0	0	0	0	0	0	0	0	0	1
PPP1R21	ENSCAFG00000002688	ENSCAFT00000036481	protein_coding	0	1	0	0	0	0	0	0	0	0	0	0	0	0	0	0	0	0	0	0	1	0
PPP2R5E	ENSCAFG00000015787	ENSCAFT00000036898	protein_coding	0	0	0	1	0	0	0	0	0	0	0	0	0	0	0	0	0	0	0	0	0	1
PQBP1	ENSCAFG00000015672	ENSCAFT00000024826	protein_coding	0	0	0	1	0	0	0	0	0	0	0	1	0	0	0	0	0	0	0	0	0	0
PQBP1	ENSCAFG00000015672	ENSCAFT00000049058	protein_coding	0	0	0	1	1	0	0	0	0	0	0	0	0	0	0	0	0	0	0	0	0	0
PRDM13	ENSCAFG00000023314	ENSCAFT00000035796	protein_coding	2	0	0	0	0	0	0	0	0	0	1	0	1	0	0	0	0	0	0	2	0	0
PRDM16	ENSCAFG00000019473	ENSCAFT00000030962	protein_coding	0	0	0	1	0	0	0	0	0	0	0	0	0	1	0	0	0	0	0	0	0	0
PRDM16	ENSCAFG00000019473	ENSCAFT00000047721	protein_coding	0	0	0	1	0	0	0	0	0	0	0	0	0	1	0	0	0	0	0	0	0	0
PRKAR1A	ENSCAFG00000010999	ENSCAFT00000036133	protein_coding	0	0	0	1	0	0	0	0	0	0	0	0	0	1	0	0	0	0	0	0	0	0
PRKCI	ENSCAFG00000014823	ENSCAFT00000023541	protein_coding	0	0	0	1	0	0	0	0	0	0	0	0	0	1	0	0	0	0	0	0	0	0
PRKD1	ENSCAFG00000012553	ENSCAFT00000019949	protein_coding	0	0	0	1	0	0	0	0	0	0	0	1	0	0	0	0	0	0	0	0	0	0
PROCA1	ENSCAFG00000018779	ENSCAFT00000029805	protein_coding	0	0	0	1	0	0	0	0	0	0	0	1	0	0	0	0	0	0	0	0	0	0
PROS1	ENSCAFG00000008999	ENSCAFT00000014302	protein_coding	0	0	0	1	0	0	0	0	0	0	0	0	0	1	0	0	0	0	0	0	0	0
PRR29	ENSCAFG00000011806	ENSCAFT00000018729	protein_coding	0	0	0	1	0	0	0	0	0	0	0	1	0	0	0	0	0	0	0	0	0	0
PRRC1	ENSCAFG00000000622	ENSCAFT00000000959	protein_coding	0	0	0	1	0	0	0	0	0	0	0	0	0	1	0	0	0	0	0	0	0	0
PSMD4	ENSCAFG00000012565	ENSCAFT00000019980	protein_coding	0	0	0	1	0	0	0	0	0	0	0	0	0	1	0	0	0	0	0	0	0	0
PTCHD4	ENSCAFG00000002100	ENSCAFT00000003323	protein_coding	0	0	0	1	0	0	0	0	0	0	0	0	0	1	0	0	0	0	0	0	0	0
PTCRA	ENSCAFG00000031615	ENSCAFT00000048353	protein_coding	0	0	0	2	0	0	0	0	0	0	0	0	0	2	0	0	0	0	0	0	0	0
PTF1A	ENSCAFG00000004216	ENSCAFT00000006764	protein_coding	0	0	0	1	0	0	0	0	0	0	0	0	0	1	0	0	0	0	0	0	0	0
PTK7	ENSCAFG00000001814	ENSCAFT00000002859	protein_coding	0	0	0	2	0	0	0	0	0	0	0	0	0	0	0	0	0	0	0	0	0	2
PTPRM	ENSCAFG00000018639	ENSCAFT00000029618	protein_coding	0	0	0	1	0	0	0	0	0	0	0	0	0	1	0	0	0	0	0	0	0	0
PTPRM	ENSCAFG00000018639	ENSCAFT00000029630	protein_coding	0	0	0	1	0	0	0	0	0	0	0	0	0	1	0	0	0	0	0	0	0	0
PTPRO	ENSCAFG00000012789	ENSCAFT00000020369	protein_coding	0	0	0	1	0	0	0	0	0	0	0	0	0	1	0	0	0	0	0	0	0	0
PXDNL	ENSCAFG00000006732	ENSCAFT00000010829	protein_coding	0	0	0	2	0	0	0	0	0	0	0	0	0	2	0	0	0	0	0	0	0	0
PXK	ENSCAFG00000007367	ENSCAFT00000011823	protein_coding	0	0	0	1	0	0	0	0	0	0	0	0	0	1	0	0	0	0	0	0	0	0
PXK	ENSCAFG00000007367	ENSCAFT00000044770	protein_coding	0	0	0	1	0	0	0	0	0	0	0	0	0	1	0	0	0	0	0	0	0	0
PYGM	ENSCAFG00000014281	ENSCAFT00000022714	protein_coding	0	0	0	1	0	0	0	0	0	0	0	0	0	1	0	0	0	0	0	0	0	0
RAD54L	ENSCAFG00000004272	ENSCAFT00000006871	protein_coding	0	0	0	1	0	0	0	0	0	0	0	0	0	1	0	0	0	0	0	0	0	0
RANBP1	ENSCAFG00000014178	ENSCAFT00000022501	protein_coding	0	0	0	2	0	0	0	0	0	0	0	0	0	0	0	0	0	0	0	0	0	2
RASGEF1B	ENSCAFG00000008919	ENSCAFT00000014169	protein_coding	0	0	0	1	0	0	0	0	0	0	0	0	0	1	0	0	0	0	0	0	0	0
RASGRF2	ENSCAFG00000008744	ENSCAFT00000013919	protein_coding	0	0	1	0	0	0	0	0	0	0	0	0	0	0	1	0	0	0	0	0	0	0
RASGRF2	ENSCAFG00000008744	ENSCAFT00000044935	protein_coding	0	0	1	0	0	0	0	0	0	0	0	0	0	0	1	0	0	0	0	0	0	0
RASGRF2	ENSCAFG00000008744	ENSCAFT00000045891	protein_coding	0	0	1	0	0	0	0	0	0	0	0	0	0	0	1	0	0	0	0	0	0	0
RASGRF2	ENSCAFG00000008744	ENSCAFT00000046252	protein_coding	0	0	1	0	0	0	0	0	0	0	0	0	0	0	1	0	0	0	0	0	0	0
RASSF3	ENSCAFG00000029982	ENSCAFT00000042855	protein_coding	0	0	0	1	1	0	0	0	0	0	0	0	0	0	0	0	0	0	0	0	0	0
RBM6	ENSCAFG00000010914	ENSCAFT00000017370	protein_coding	0	0	0	1	0	0	0	0	0	0	0	1	0	0	0	0	0	0	0	0	0	0
RBM6	ENSCAFG00000010914	ENSCAFT00000042862	protein_coding	0	0	0	1	0	0	0	0	0	0	0	0	0	1	0	0	0	0	0	0	0	0
RBM8A	ENSCAFG00000023172	ENSCAFT00000017835	protein_coding	0	0	0	2	0	0	0	0	0	0	0	0	0	2	0	0	0	0	0	0	0	0
REC114	ENSCAFG00000017805	ENSCAFT00000028238	protein_coding	0	0	0	1	0	0	0	0	0	0	0	0	0	0	0	0	0	0	0	0	0	1
REC114	ENSCAFG00000017805	ENSCAFT00000048526	protein_coding	0	0	0	1	0	0	0	0	0	0	0	0	0	1	0	0	0	0	0	0	0	0
RGS17	ENSCAFG00000000550	ENSCAFT00000000847	protein_coding	0	0	1	0	0	0	0	0	0	0	0	0	0	0	1	0	0	0	0	0	0	0
RNF208	ENSCAFG00000019467	ENSCAFT00000030955	protein_coding	0	0	0	1	0	0	0	0	0	0	0	1	0	0	0	0	0	0	0	0	0	0
RNF224	ENSCAFG00000024418	ENSCAFT00000037711	protein_coding	0	0	0	3	0	0	0	0	0	0	0	0	0	3	0	0	0	0	0	0	0	0
RORC	ENSCAFG00000012884	ENSCAFT00000020479	protein_coding	0	0	0	1	0	0	0	0	0	0	0	0	0	0	0	0	0	0	0	0	0	1
RPS19BP1	ENSCAFG00000030521	ENSCAFT00000044111	protein_coding	0	0	0	1	1	0	0	0	0	0	0	0	0	0	0	0	0	0	0	0	0	0
RRAS	ENSCAFG00000003604	ENSCAFT00000005800	protein_coding	0	1	0	0	0	0	0	0	0	0	0	0	0	0	0	0	0	0	0	0	1	0
RYR2	ENSCAFG00000010034	ENSCAFT00000015962	protein_coding	0	0	0	1	0	0	0	0	0	0	0	0	0	1	0	0	0	0	0	0	0	0
RYR2	ENSCAFG00000010034	ENSCAFT00000044598	protein_coding	0	0	0	1	0	0	0	0	0	0	0	0	0	1	0	0	0	0	0	0	0	0
SAFB	ENSCAFG00000018803	ENSCAFT00000029855	protein_coding	1	0	0	1	1	0	0	0	0	0	1	0	0	0	0	0	0	0	0	1	0	0
SAMD8	ENSCAFG00000015388	ENSCAFT00000024402	protein_coding	0	0	1	0	0	0	0	0	0	0	0	0	0	0	1	0	0	0	0	0	0	0
SCG3	ENSCAFG00000015489	ENSCAFT00000024572	protein_coding	0	0	0	1	0	0	0	0	0	0	0	1	0	0	0	0	0	0	0	0	0	0
SCN5A	ENSCAFG00000005051	ENSCAFT00000008132	protein_coding	0	0	0	1	0	0	0	0	0	0	0	0	0	1	0	0	0	0	0	0	0	0
SCN5A	ENSCAFG00000005051	ENSCAFT00000048602	protein_coding	0	0	0	1	0	0	0	0	0	0	0	0	0	1	0	0	0	0	0	0	0	0
SDK2	ENSCAFG00000004464	ENSCAFT00000007243	protein_coding	0	0	0	1	0	0	0	0	0	0	0	0	0	1	0	0	0	0	0	0	0	0
SEC14L4	ENSCAFG00000023437	ENSCAFT00000020258	protein_coding	0	0	0	1	0	0	0	0	0	0	0	0	0	1	0	0	0	0	0	0	0	0
SEC16A	ENSCAFG00000019656	ENSCAFT00000031259	protein_coding	0	1	0	0	0	0	0	0	0	0	0	0	0	0	0	0	0	0	0	0	1	0
SEC16A	ENSCAFG00000019656	ENSCAFT00000043695	protein_coding	0	1	0	0	0	0	0	0	0	0	0	0	0	0	0	0	0	0	0	0	1	0
SEMA6B	ENSCAFG00000019014	ENSCAFT00000030197	protein_coding	0	0	0	1	0	0	0	0	0	0	0	1	0	0	0	0	0	0	0	0	0	0
SETD4	ENSCAFG00000009616	ENSCAFT00000015283	protein_coding	0	0	0	1	0	0	0	0	0	0	0	0	0	1	0	0	0	0	0	0	0	0
SETD4	ENSCAFG00000009616	ENSCAFT00000049417	protein_coding	0	0	0	1	0	0	0	0	0	0	0	0	0	1	0	0	0	0	0	0	0	0
SGPP2	ENSCAFG00000023763	ENSCAFT00000036747	protein_coding	0	0	0	2	0	0	0	0	0	0	0	0	0	2	0	0	0	0	0	0	0	0
SHARPIN	ENSCAFG00000001536	ENSCAFT00000045304	protein_coding	0	0	0	1	0	0	0	0	0	0	0	0	0	1	0	0	0	0	0	0	0	0
SIRT5	ENSCAFG00000009838	ENSCAFT00000015619	protein_coding	0	0	0	1	0	0	0	0	0	0	0	0	0	0	0	0	0	0	0	0	0	1
SLC19A1	ENSCAFG00000011898	ENSCAFT00000018907	protein_coding	0	0	0	1	0	0	0	0	0	0	0	1	0	0	0	0	0	0	0	0	0	0
SLC22A16	ENSCAFG00000003892	ENSCAFT00000006257	protein_coding	0	0	1	0	0	0	0	0	0	0	0	0	0	0	1	0	0	0	0	0	0	0
SLC22A16	ENSCAFG00000003892	ENSCAFT00000006259	protein_coding	0	0	1	0	0	0	0	0	0	0	0	0	0	0	1	0	0	0	0	0	0	0
SLC25A19	ENSCAFG00000004762	ENSCAFT00000007662	protein_coding	0	0	1	0	0	0	0	0	0	0	0	0	0	0	1	0	0	0	0	0	0	0
SLC35A2	ENSCAFG00000015681	ENSCAFT00000024832	protein_coding	0	0	1	0	0	0	0	0	0	0	0	0	0	0	1	0	0	0	0	0	0	0
SLC35A2	ENSCAFG00000015681	ENSCAFT00000038446	protein_coding	0	0	1	0	0	0	0	0	0	0	0	0	0	0	1	0	0	0	0	0	0	0
SLC6A5	ENSCAFG00000009856	ENSCAFT00000015664	protein_coding	0	0	0	1	0	0	0	0	0	0	0	0	0	1	0	0	0	0	0	0	0	0
SLC9A5	ENSCAFG00000020369	ENSCAFT00000032438	protein_coding	0	0	0	1	0	0	0	0	0	0	0	1	0	0	0	0	0	0	0	0	0	0
SLC9A9	ENSCAFG00000008028	ENSCAFT00000012813	protein_coding	0	0	0	1	0	0	0	0	0	0	0	0	0	1	0	0	0	0	0	0	0	0
SLCO2B1	ENSCAFG00000005437	ENSCAFT00000008744	protein_coding	0	0	0	1	0	0	0	0	0	0	0	0	0	1	0	0	0	0	0	0	0	0
SLCO3A1	ENSCAFG00000011241	ENSCAFT00000017864	protein_coding	0	0	0	1	0	0	0	0	0	0	0	0	0	1	0	0	0	0	0	0	0	0
SLIT3	ENSCAFG00000017027	ENSCAFT00000026988	protein_coding	0	0	0	1	0	0	0	0	0	0	0	0	0	1	0	0	0	0	0	0	0	0
SMCHD1	ENSCAFG00000018420	ENSCAFT00000029257	protein_coding	0	1	0	0	0	0	0	0	0	0	0	0	0	0	0	0	0	0	0	0	1	0
SORCS2	ENSCAFG00000014403	ENSCAFT00000022915	protein_coding	0	0	0	2	0	0	0	0	0	0	0	0	0	2	0	0	0	0	0	0	0	0
SOX2	ENSCAFG00000011642	ENSCAFT00000018476	protein_coding	0	0	0	1	0	0	0	0	0	0	0	0	0	0	0	0	0	0	0	0	0	1
SPAG17	ENSCAFG00000009951	ENSCAFT00000015854	protein_coding	0	0	0	1	0	0	0	0	0	0	0	0	0	1	0	0	0	0	0	0	0	0
SPATA5	ENSCAFG00000003988	ENSCAFT00000006393	protein_coding	0	0	0	1	0	0	0	0	0	0	0	0	0	1	0	0	0	0	0	0	0	0
SPCS1	ENSCAFG00000008927	ENSCAFT00000014175	protein_coding	0	0	0	1	0	0	0	0	0	0	0	0	0	1	0	0	0	0	0	0	0	0
SPIN4	ENSCAFG00000016524	ENSCAFT00000026171	protein_coding	0	0	1	0	0	0	0	0	0	0	0	0	0	0	1	0	0	0	0	0	0	0
SPOUT1	ENSCAFG00000020032	ENSCAFT00000031880	protein_coding	0	0	0	1	0	0	1	0	0	0	0	0	0	0	0	0	0	0	0	0	0	0
SPTBN5	ENSCAFG00000009849	ENSCAFT00000015654	protein_coding	0	0	0	1	0	0	0	0	0	0	0	0	0	1	0	0	0	0	0	0	0	0
SRBD1	ENSCAFG00000002554	ENSCAFT00000049409	protein_coding	0	0	1	0	0	0	0	0	0	0	0	0	0	0	1	0	0	0	0	0	0	0
SSRP1	ENSCAFG00000007947	ENSCAFT00000012707	protein_coding	0	0	1	0	0	0	0	0	0	0	0	0	0	0	1	0	0	0	0	0	0	0
SSRP1	ENSCAFG00000007947	ENSCAFT00000049552	protein_coding	0	0	1	0	0	0	0	0	0	0	0	0	0	0	1	0	0	0	0	0	0	0
STEAP2	ENSCAFG00000001870	ENSCAFT00000002959	protein_coding	0	0	1	0	0	0	0	0	0	0	0	0	0	0	1	0	0	0	0	0	0	0
STK11IP	ENSCAFG00000015687	ENSCAFT00000024856	protein_coding	0	0	0	1	0	0	0	0	0	0	0	0	0	0	0	0	0	0	0	0	0	1
SUCLG1	ENSCAFG00000007987	ENSCAFT00000012800	protein_coding	0	0	0	3	0	0	0	0	0	0	0	0	0	3	0	0	0	0	0	0	0	0
SULT1C3	ENSCAFG00000023398	ENSCAFT00000003261	protein_coding	0	0	0	1	0	0	0	0	0	0	0	0	0	1	0	0	0	0	0	0	0	0
SUN1	ENSCAFG00000011273	ENSCAFT00000017916	protein_coding	0	0	0	1	0	0	1	0	0	0	0	0	0	0	0	0	0	0	0	0	0	0
SUPT6H	ENSCAFG00000018763	ENSCAFT00000029797	protein_coding	0	0	0	1	0	0	0	0	0	0	0	0	0	1	0	0	0	0	0	0	0	0
SYT7	ENSCAFG00000016121	ENSCAFT00000025578	protein_coding	0	0	0	2	0	0	0	0	0	0	0	0	0	2	0	0	0	0	0	0	0	0
SYT7	ENSCAFG00000016121	ENSCAFT00000025580	protein_coding	0	0	0	2	0	0	0	0	0	0	0	0	0	2	0	0	0	0	0	0	0	0
SYTL3	ENSCAFG00000000659	ENSCAFT00000001014	protein_coding	0	0	0	1	0	0	0	0	0	0	0	0	0	1	0	0	0	0	0	0	0	0
TACC2	ENSCAFG00000012494	ENSCAFT00000019866	protein_coding	0	0	0	1	0	0	0	0	0	0	0	0	0	1	0	0	0	0	0	0	0	0
TACC2	ENSCAFG00000012494	ENSCAFT00000047632	protein_coding	0	0	0	1	0	0	0	0	0	0	0	0	0	1	0	0	0	0	0	0	0	0
TARBP1	ENSCAFG00000011533	ENSCAFT00000018299	protein_coding	0	0	0	1	0	0	0	0	0	0	0	0	0	1	0	0	0	0	0	0	0	0
TARBP1	ENSCAFG00000011533	ENSCAFT00000045343	protein_coding	0	0	0	1	0	0	0	0	0	0	0	0	0	1	0	0	0	0	0	0	0	0
TBC1D14	ENSCAFG00000014349	ENSCAFT00000022798	protein_coding	0	0	0	1	0	0	0	0	0	0	0	0	0	1	0	0	0	0	0	0	0	0
TBX15	ENSCAFG00000009976	ENSCAFT00000015871	protein_coding	0	0	0	2	0	0	0	0	0	0	0	0	0	2	0	0	0	0	0	0	0	0
TCFL5	ENSCAFG00000024809	ENSCAFT00000038353	protein_coding	0	0	0	1	0	0	0	0	0	0	0	0	0	1	0	0	0	0	0	0	0	0
TESMIN	ENSCAFG00000010766	ENSCAFT00000048790	protein_coding	0	0	0	3	0	0	0	0	0	0	0	0	0	3	0	0	0	0	0	0	0	0
THOC2	ENSCAFG00000018574	ENSCAFT00000042918	protein_coding	0	0	0	2	0	0	0	0	0	0	0	0	0	2	0	0	0	0	0	0	0	0
TIE1	ENSCAFG00000005288	ENSCAFT00000008550	protein_coding	0	0	0	1	0	0	0	0	0	0	0	0	0	1	0	0	0	0	0	0	0	0
TLE2	ENSCAFG00000019293	ENSCAFT00000030660	protein_coding	0	0	0	1	0	0	0	0	0	0	0	1	0	0	0	0	0	0	0	0	0	0
TMEM132D	ENSCAFG00000006812	ENSCAFT00000049250	protein_coding	0	0	0	1	0	0	0	0	0	0	0	0	0	1	0	0	0	0	0	0	0	0
TMEM175	ENSCAFG00000016710	ENSCAFT00000026460	protein_coding	0	0	2	0	0	0	0	0	0	0	0	0	0	0	2	0	0	0	1	0	0	0
TMEM232	ENSCAFG00000007400	ENSCAFT00000011853	protein_coding	0	0	0	2	0	0	0	0	0	0	0	0	0	2	0	0	0	0	0	0	0	0
TMOD1	ENSCAFG00000002427	ENSCAFT00000003834	protein_coding	0	0	0	1	0	0	0	0	0	0	0	0	0	1	0	0	0	0	0	0	0	0
TMX2	ENSCAFG00000025148	ENSCAFT00000012435	protein_coding	0	0	0	1	0	0	0	0	0	0	0	1	0	0	0	0	0	0	0	0	0	0
TNN	ENSCAFG00000014353	ENSCAFT00000022816	protein_coding	0	0	0	1	0	0	0	0	0	0	0	0	0	1	0	0	0	0	0	0	0	0
TNN	ENSCAFG00000014353	ENSCAFT00000049954	protein_coding	0	0	1	0	0	0	0	0	0	0	0	0	0	0	1	0	0	0	0	0	0	0
TONSL	ENSCAFG00000001621	ENSCAFT00000002544	protein_coding	0	0	0	1	0	0	0	0	0	0	0	0	0	1	0	0	0	0	0	0	0	0
TPCN2	ENSCAFG00000010716	ENSCAFT00000017062	protein_coding	0	0	0	1	0	0	0	0	0	0	0	0	0	1	0	0	0	0	0	0	0	0
TPT1	ENSCAFG00000004533	ENSCAFT00000007311	protein_coding	0	0	0	1	0	0	0	0	0	0	0	0	0	1	0	0	0	0	0	0	0	0
TRABD	ENSCAFG00000000698	ENSCAFT00000001087	protein_coding	0	0	0	1	0	0	0	0	0	0	0	0	0	0	0	0	0	0	0	0	0	1
TRAF1	ENSCAFG00000003587	ENSCAFT00000035950	protein_coding	0	0	0	1	0	0	0	0	0	0	0	0	0	0	0	0	0	0	0	0	0	1
TRAF3	ENSCAFG00000018075	ENSCAFT00000028719	protein_coding	0	0	1	0	0	0	0	0	0	0	0	0	0	0	1	0	0	0	0	0	0	0
TRIM33	ENSCAFG00000009442	ENSCAFT00000015037	protein_coding	0	0	0	1	0	0	0	0	0	0	0	0	0	1	0	0	0	0	0	0	0	0
TRMT2A	ENSCAFG00000014190	ENSCAFT00000022517	protein_coding	0	0	0	2	0	0	0	0	0	0	0	2	0	0	0	0	0	0	0	0	0	0
TRPT1	ENSCAFG00000014591	ENSCAFT00000047089	protein_coding	0	0	0	1	0	0	0	0	0	0	0	0	0	1	0	0	0	0	0	0	0	0
TRPV3	ENSCAFG00000019336	ENSCAFT00000030726	protein_coding	0	0	0	1	0	0	0	0	0	0	0	0	0	1	0	0	0	0	0	0	0	0
TSC22D4	ENSCAFG00000014443	ENSCAFT00000022909	protein_coding	0	0	1	0	0	0	0	0	0	1	0	0	0	0	0	0	0	0	0	0	0	0
TSC22D4	ENSCAFG00000014443	ENSCAFT00000048466	protein_coding	0	0	1	0	0	0	0	0	0	1	0	0	0	0	0	0	0	0	0	0	0	0
TSPAN32	ENSCAFG00000010112	ENSCAFT00000016066	protein_coding	0	0	0	1	0	0	0	0	0	0	0	0	0	0	0	0	0	0	0	0	0	1
TSPAN32	ENSCAFG00000010112	ENSCAFT00000046423	protein_coding	0	0	0	1	0	0	0	0	0	0	0	0	0	0	0	0	0	0	0	0	0	1
TSPAN5	ENSCAFG00000010287	ENSCAFT00000016340	protein_coding	0	0	0	1	0	0	0	0	0	0	0	0	0	1	0	0	0	0	0	0	0	0
TTBK2	ENSCAFG00000011222	ENSCAFT00000017853	protein_coding	0	0	0	1	0	0	0	0	0	0	0	0	0	1	0	0	0	0	0	0	0	0
TTC21A	ENSCAFG00000005087	ENSCAFT00000008176	protein_coding	0	1	0	0	0	0	0	0	0	0	0	0	0	1	0	0	0	0	1	0	0	0
TTC37	ENSCAFG00000007927	ENSCAFT00000012687	protein_coding	0	0	0	1	0	0	0	0	0	0	0	0	0	1	0	0	0	0	0	0	0	0
TTPA	ENSCAFG00000028514	ENSCAFT00000045622	protein_coding	0	0	0	2	0	0	0	0	0	0	0	1	0	1	0	0	0	0	0	0	0	0
TTYH2	ENSCAFG00000004524	ENSCAFT00000007288	protein_coding	0	0	0	1	0	0	0	0	0	0	0	0	0	1	0	0	0	0	0	0	0	0
TUBB4A	ENSCAFG00000018634	ENSCAFT00000029576	protein_coding	0	0	1	0	0	0	0	0	1	0	0	0	0	0	0	0	0	0	0	0	0	0
TUBGCP2	ENSCAFG00000030705	ENSCAFT00000043376	protein_coding	0	0	0	1	0	0	0	0	0	0	0	0	0	1	0	0	0	0	0	0	0	0
TUBGCP4	ENSCAFG00000012088	ENSCAFT00000019673	protein_coding	0	0	0	1	0	0	0	0	0	0	0	0	0	0	0	0	0	0	0	0	0	1
TXNDC5	ENSCAFG00000009582	ENSCAFT00000015219	protein_coding	0	0	0	1	0	0	0	0	0	0	0	0	0	1	0	0	0	0	0	0	0	0
UBAP2	ENSCAFG00000001891	ENSCAFT00000002996	protein_coding	1	0	0	0	0	0	0	0	0	0	0	0	0	1	0	0	0	1	0	0	0	0
UBAP2	ENSCAFG00000001891	ENSCAFT00000046654	protein_coding	1	0	0	0	0	0	0	0	0	0	0	0	0	1	0	0	0	1	0	0	0	0
UBR4	ENSCAFG00000015314	ENSCAFT00000024347	protein_coding	0	0	0	1	0	0	0	0	0	0	0	0	0	1	0	0	0	0	0	0	0	0
UNC5D	ENSCAFG00000006252	ENSCAFT00000010155	protein_coding	0	0	1	0	0	0	0	0	0	0	0	0	0	0	1	0	0	0	0	0	0	0
URI1	ENSCAFG00000007606	ENSCAFT00000012164	protein_coding	0	0	0	1	0	0	0	0	0	0	0	0	0	0	0	0	0	0	0	0	0	1
URI1	ENSCAFG00000007606	ENSCAFT00000048433	protein_coding	0	0	0	1	0	0	0	0	0	0	0	0	0	0	0	0	0	0	0	0	0	1
VGLL4	ENSCAFG00000031595	ENSCAFT00000046221	protein_coding	0	0	0	1	0	0	0	0	0	0	0	0	0	1	0	0	0	0	0	0	0	0
VILL	ENSCAFG00000004890	ENSCAFT00000007877	protein_coding	0	0	0	1	0	0	0	0	0	0	0	0	0	1	0	0	0	0	0	0	0	0
VIM	ENSCAFG00000004529	ENSCAFT00000007304	protein_coding	0	0	0	1	0	0	0	0	0	0	0	0	0	1	0	0	0	0	0	0	0	0
VPS28	ENSCAFG00000001610	ENSCAFT00000002524	protein_coding	0	0	0	1	0	0	0	0	0	0	0	0	0	0	0	0	0	0	0	0	0	1
VPS28	ENSCAFG00000001610	ENSCAFT00000045353	protein_coding	0	0	0	1	0	0	0	0	0	0	0	0	0	0	0	0	0	0	0	0	0	1
WDR7	ENSCAFG00000000133	ENSCAFT00000000221	protein_coding	0	0	0	1	0	0	0	0	0	0	0	0	0	1	0	0	0	0	0	0	0	0
WDR7	ENSCAFG00000000133	ENSCAFT00000000223	protein_coding	0	0	0	1	0	0	0	0	0	0	0	0	0	1	0	0	0	0	0	0	0	0
WHRN	ENSCAFG00000003344	ENSCAFT00000005356	protein_coding	0	0	0	1	0	0	0	0	0	0	0	0	0	1	0	0	0	0	0	0	0	0
WNK2	ENSCAFG00000002266	ENSCAFT00000003560	protein_coding	0	1	0	0	0	0	0	0	0	0	0	0	0	0	0	0	0	0	0	0	1	0
XRN1	ENSCAFG00000007783	ENSCAFT00000012512	protein_coding	0	0	0	1	0	0	0	0	0	0	0	0	0	1	0	0	0	0	0	0	0	0
XRN1	ENSCAFG00000007783	ENSCAFT00000047807	protein_coding	0	0	0	1	0	0	0	0	0	0	0	0	0	1	0	0	0	0	0	0	0	0
ZBED2	ENSCAFG00000030690	ENSCAFT00000046587	protein_coding	0	0	0	1	0	0	0	0	0	0	0	0	0	0	0	0	0	0	0	0	0	1
ZBTB33	ENSCAFG00000023631	ENSCAFT00000036456	protein_coding	0	0	1	0	0	0	0	0	0	0	0	0	0	0	1	0	0	0	0	0	0	0
ZC3H18	ENSCAFG00000019884	ENSCAFT00000031642	protein_coding	0	0	0	1	0	0	0	0	0	0	0	1	0	0	0	0	0	0	0	0	0	0
ZC3H18	ENSCAFG00000019884	ENSCAFT00000050086	protein_coding	0	0	0	1	0	0	0	0	0	0	0	1	0	0	0	0	0	0	0	0	0	0
ZC3H4	ENSCAFG00000004182	ENSCAFT00000045835	protein_coding	0	0	0	1	0	0	0	0	0	0	0	0	0	1	0	0	0	0	0	0	0	0
ZCCHC24	ENSCAFG00000015698	ENSCAFT00000024863	protein_coding	0	0	0	1	0	0	0	0	0	0	0	0	0	1	0	0	0	0	0	0	0	0
ZCCHC4	ENSCAFG00000016448	ENSCAFT00000026070	protein_coding	0	0	0	3	1	0	0	0	0	0	0	0	0	2	0	0	0	0	0	0	0	0
ZNF132	ENSCAFG00000029721	ENSCAFT00000043615	protein_coding	0	1	0	0	0	0	0	0	0	0	0	0	0	0	0	0	0	0	0	0	1	0
ZNF275	ENSCAFG00000019184	ENSCAFT00000030453	protein_coding	0	1	0	0	0	0	0	0	0	0	0	0	0	0	0	0	0	0	0	0	1	0
ZNF630	ENSCAFG00000031525	ENSCAFT00000047181	protein_coding	0	0	0	1	0	0	1	0	0	0	0	0	0	0	0	0	0	0	0	0	0	0
ZSCAN29	ENSCAFG00000012056	ENSCAFT00000019143	protein_coding	0	0	0	1	0	0	0	0	0	0	0	0	0	0	0	0	0	0	0	0	0	1
ZSCAN29	ENSCAFG00000012056	ENSCAFT00000019156	protein_coding	0	1	0	1	0	1	1	0	0	0	0	0	0	0	0	0	0	0	0	0	0	0
cfa-mir-365-1	ENSCAFG00000020593	ENSCAFT00000032700	miRNA	0	0	0	1	0	0	0	0	0	0	0	1	0	0	0	0	0	0	0	0	0	0
cyba	ENSCAFG00000019881	ENSCAFT00000031633	protein_coding	0	0	0	1	0	0	0	0	0	0	0	1	0	0	0	0	0	0	0	0	0	0
sulf2	ENSCAFG00000010874	ENSCAFT00000017345	protein_coding	0	0	0	2	0	0	0	0	0	0	0	0	0	2	0	0	0	0	0	0	0	0
