	13.0	14.0	15.0	16.0	17.0	18.0	19.0	20.0	21.0	22.0	23.0	24.0	25.0	26.0	27.0	28.0	29.0	30.0	31.0	32.0	33.0	34.0	35.0	36.0	37.0
SRR11352506_1	5.0	226.0	2728.0	11956.0	28619.0	49956.0	76287.0	105074.0	139566.0	175022.0	225348.0	288291.0	396460.0	542287.0	751475.0	980607.0	1246734.0	1522406.0	1932052.0	2464907.0	3494070.0	5610606.0	15197494.0	132051771.0	11882657.0
	4.0	5.0	6.0	7.0	8.0	9.0	10.0	11.0	12.0	13.0	14.0	15.0	16.0	17.0	18.0	19.0	20.0	21.0	22.0	23.0	24.0	25.0	26.0	27.0	28.0	29.0	30.0	31.0	32.0	33.0	34.0	35.0	36.0	37.0
SRR11352506_2	1.0	0.0	1.0	1.0	9.0	3.0	10.0	11.0	53.0	600.0	3877.0	11230.0	22790.0	40509.0	64400.0	97003.0	134111.0	178830.0	228248.0	295326.0	366428.0	461829.0	567962.0	724851.0	916043.0	1214138.0	1657726.0	2694662.0	4490041.0	7616304.0	15184200.0	42445312.0	98542193.0	1217902.0
	13.0	14.0	15.0	16.0	17.0	18.0	19.0	20.0	21.0	22.0	23.0	24.0	25.0	26.0	27.0	28.0	29.0	30.0	31.0	32.0	33.0	34.0	35.0	36.0	37.0
SRR11352507_1	4.0	242.0	2678.0	11881.0	28847.0	49382.0	75541.0	103660.0	137697.0	172051.0	221239.0	282341.0	384758.0	522715.0	724388.0	946325.0	1220442.0	1515951.0	1935117.0	2465237.0	3473655.0	5578730.0	15017994.0	133765665.0	12745890.0
	6.0	7.0	8.0	9.0	10.0	11.0	12.0	13.0	14.0	15.0	16.0	17.0	18.0	19.0	20.0	21.0	22.0	23.0	24.0	25.0	26.0	27.0	28.0	29.0	30.0	31.0	32.0	33.0	34.0	35.0	36.0	37.0
SRR11352507_2	1.0	2.0	2.0	4.0	7.0	12.0	39.0	512.0	3474.0	10819.0	22909.0	41770.0	67136.0	102667.0	141759.0	191321.0	249055.0	324420.0	405054.0	512230.0	626420.0	790416.0	989173.0	1294021.0	1740952.0	2781993.0	4650195.0	7868930.0	15620995.0	43811646.0	98015330.0	1119166.0
	13.0	14.0	15.0	16.0	17.0	18.0	19.0	20.0	21.0	22.0	23.0	24.0	25.0	26.0	27.0	28.0	29.0	30.0	31.0	32.0	33.0	34.0	35.0	36.0	37.0
SRR11352508_1	5.0	182.0	2152.0	9814.0	23257.0	39819.0	60870.0	82862.0	109711.0	137108.0	175583.0	221645.0	299084.0	402353.0	552541.0	716688.0	923550.0	1142353.0	1459440.0	1861455.0	2630627.0	4224298.0	11389272.0	102119920.0	9730923.0
	6.0	7.0	8.0	9.0	10.0	11.0	12.0	13.0	14.0	15.0	16.0	17.0	18.0	19.0	20.0	21.0	22.0	23.0	24.0	25.0	26.0	27.0	28.0	29.0	30.0	31.0	32.0	33.0	34.0	35.0	36.0	37.0
SRR11352508_2	1.0	1.0	2.0	3.0	4.0	11.0	38.0	548.0	3706.0	11065.0	21459.0	35646.0	55178.0	81171.0	111263.0	149072.0	191901.0	248378.0	307915.0	388936.0	477083.0	604225.0	759501.0	998302.0	1350302.0	2195981.0	3681584.0	6242367.0	12366451.0	33977721.0	73227252.0	828445.0
	13.0	14.0	15.0	16.0	17.0	18.0	19.0	20.0	21.0	22.0	23.0	24.0	25.0	26.0	27.0	28.0	29.0	30.0	31.0	32.0	33.0	34.0	35.0	36.0	37.0
SRR11352509_1	4.0	205.0	2550.0	10577.0	25684.0	44272.0	69166.0	94717.0	126080.0	157527.0	201732.0	254504.0	342180.0	460568.0	628595.0	812600.0	1037672.0	1275637.0	1619673.0	2061992.0	2903594.0	4661886.0	12407221.0	110016639.0	11215841.0
	6.0	7.0	8.0	9.0	10.0	11.0	12.0	13.0	14.0	15.0	16.0	17.0	18.0	19.0	20.0	21.0	22.0	23.0	24.0	25.0	26.0	27.0	28.0	29.0	30.0	31.0	32.0	33.0	34.0	35.0	36.0	37.0
SRR11352509_2	2.0	3.0	2.0	5.0	4.0	11.0	38.0	498.0	3255.0	9963.0	21094.0	38080.0	60675.0	92085.0	126876.0	172211.0	224731.0	296919.0	379442.0	488251.0	604994.0	768707.0	960471.0	1255269.0	1696937.0	2707226.0	4375858.0	7578827.0	15269935.0	42251865.0	70465587.0	581295.0
	13.0	14.0	15.0	16.0	17.0	18.0	19.0	20.0	21.0	22.0	23.0	24.0	25.0	26.0	27.0	28.0	29.0	30.0	31.0	32.0	33.0	34.0	35.0	36.0	37.0
SRR11352510_1	3.0	203.0	2602.0	10926.0	27062.0	46535.0	71488.0	97673.0	129616.0	161825.0	207838.0	263682.0	357963.0	481918.0	653991.0	838925.0	1062275.0	1298189.0	1656906.0	2142375.0	3124522.0	5382212.0	13810745.0	102365434.0	9337801.0
	7.0	8.0	9.0	10.0	11.0	12.0	13.0	14.0	15.0	16.0	17.0	18.0	19.0	20.0	21.0	22.0	23.0	24.0	25.0	26.0	27.0	28.0	29.0	30.0	31.0	32.0	33.0	34.0	35.0	36.0	37.0
SRR11352510_2	1.0	0.0	2.0	5.0	14.0	35.0	614.0	3867.0	11556.0	23022.0	40117.0	62082.0	93498.0	128393.0	175352.0	227411.0	296319.0	367729.0	465817.0	568204.0	715825.0	893407.0	1171791.0	1591937.0	2600737.0	4286289.0	7237700.0	14211022.0	37674239.0	70011640.0	674084.0
	13.0	14.0	15.0	16.0	17.0	18.0	19.0	20.0	21.0	22.0	23.0	24.0	25.0	26.0	27.0	28.0	29.0	30.0	31.0	32.0	33.0	34.0	35.0	36.0	37.0
SRR11352511_1	8.0	267.0	3506.0	15088.0	36164.0	61506.0	93804.0	127573.0	168884.0	210206.0	269162.0	342899.0	462277.0	618041.0	830384.0	1041842.0	1294016.0	1558717.0	1974038.0	2589583.0	4229374.0	7261972.0	14870841.0	112370468.0	11296819.0
	5.0	6.0	7.0	8.0	9.0	10.0	11.0	12.0	13.0	14.0	15.0	16.0	17.0	18.0	19.0	20.0	21.0	22.0	23.0	24.0	25.0	26.0	27.0	28.0	29.0	30.0	31.0	32.0	33.0	34.0	35.0	36.0	37.0
SRR11352511_2	1.0	0.0	2.0	1.0	7.0	6.0	17.0	52.0	612.0	4187.0	13130.0	26112.0	46893.0	74709.0	114052.0	155497.0	208431.0	267285.0	346803.0	426609.0	528820.0	632567.0	782856.0	967810.0	1260620.0	1699732.0	2700652.0	4436078.0	7350389.0	13977030.0	37555356.0	87062510.0	1088613.0
	12.0	13.0	14.0	15.0	16.0	17.0	18.0	19.0	20.0	21.0	22.0	23.0	24.0	25.0	26.0	27.0	28.0	29.0	30.0	31.0	32.0	33.0	34.0	35.0	36.0	37.0
SRR11352512_1	1.0	9.0	159.0	2180.0	9520.0	23275.0	39737.0	61462.0	83790.0	111021.0	138996.0	178983.0	228268.0	312154.0	424662.0	587039.0	761041.0	968777.0	1189996.0	1515410.0	1975613.0	3079681.0	5356989.0	12625573.0	100116300.0	9194689.0
	8.0	9.0	10.0	11.0	12.0	13.0	14.0	15.0	16.0	17.0	18.0	19.0	20.0	21.0	22.0	23.0	24.0	25.0	26.0	27.0	28.0	29.0	30.0	31.0	32.0	33.0	34.0	35.0	36.0	37.0
SRR11352512_2	1.0	6.0	2.0	11.0	24.0	525.0	2999.0	9385.0	18692.0	33382.0	52685.0	80109.0	111178.0	150171.0	192971.0	252345.0	315615.0	399016.0	489453.0	621053.0	778450.0	1020906.0	1376768.0	2187771.0	3622063.0	6170940.0	12374416.0	34911149.0	73050640.0	762599.0
	13.0	14.0	15.0	16.0	17.0	18.0	19.0	20.0	21.0	22.0	23.0	24.0	25.0	26.0	27.0	28.0	29.0	30.0	31.0	32.0	33.0	34.0	35.0	36.0	37.0
SRR11352513_1	3.0	137.0	1854.0	7922.0	19405.0	33826.0	52278.0	71155.0	94696.0	118449.0	151891.0	191817.0	257913.0	349095.0	483738.0	636558.0	827114.0	1036054.0	1326738.0	1690930.0	2375482.0	3810144.0	10403094.0	94346201.0	8711073.0
	6.0	7.0	8.0	9.0	10.0	11.0	12.0	13.0	14.0	15.0	16.0	17.0	18.0	19.0	20.0	21.0	22.0	23.0	24.0	25.0	26.0	27.0	28.0	29.0	30.0	31.0	32.0	33.0	34.0	35.0	36.0	37.0
SRR11352513_2	1.0	4.0	1.0	1.0	5.0	6.0	23.0	282.0	1776.0	5916.0	12678.0	23437.0	38465.0	59626.0	83589.0	115114.0	150698.0	201120.0	256895.0	332173.0	412299.0	525921.0	661208.0	867986.0	1165545.0	1834133.0	3048480.0	5174367.0	10518602.0	30672232.0	70030716.0	804268.0
	13.0	14.0	15.0	16.0	17.0	18.0	19.0	20.0	21.0	22.0	23.0	24.0	25.0	26.0	27.0	28.0	29.0	30.0	31.0	32.0	33.0	34.0	35.0	36.0	37.0
SRR11352514_1	4.0	184.0	2270.0	9642.0	22864.0	39933.0	61827.0	85544.0	113596.0	142812.0	181088.0	227587.0	302802.0	404463.0	553964.0	716644.0	921873.0	1138486.0	1450536.0	1841336.0	2593557.0	4162851.0	11205659.0	100483240.0	10212047.0
	7.0	8.0	9.0	10.0	11.0	12.0	13.0	14.0	15.0	16.0	17.0	18.0	19.0	20.0	21.0	22.0	23.0	24.0	25.0	26.0	27.0	28.0	29.0	30.0	31.0	32.0	33.0	34.0	35.0	36.0	37.0
SRR11352514_2	1.0	3.0	4.0	6.0	9.0	33.0	329.0	2075.0	6430.0	14441.0	27041.0	44571.0	68836.0	95630.0	129567.0	168255.0	220247.0	277304.0	354732.0	439402.0	560377.0	704210.0	926151.0	1251451.0	2000651.0	3322430.0	5626054.0	11330581.0	32259701.0	76100971.0	943316.0
	13.0	14.0	15.0	16.0	17.0	18.0	19.0	20.0	21.0	22.0	23.0	24.0	25.0	26.0	27.0	28.0	29.0	30.0	31.0	32.0	33.0	34.0	35.0	36.0	37.0
SRR11352515_1	5.0	219.0	2563.0	11601.0	29075.0	50925.0	77491.0	105946.0	139157.0	173264.0	218583.0	271387.0	360008.0	481231.0	661202.0	866871.0	1127006.0	1408350.0	1811827.0	2323038.0	3297223.0	5344309.0	14746685.0	132024148.0	11801590.0
	7.0	8.0	9.0	10.0	11.0	12.0	13.0	14.0	15.0	16.0	17.0	18.0	19.0	20.0	21.0	22.0	23.0	24.0	25.0	26.0	27.0	28.0	29.0	30.0	31.0	32.0	33.0	34.0	35.0	36.0	37.0
SRR11352515_2	2.0	3.0	8.0	4.0	9.0	26.0	476.0	2775.0	8819.0	18466.0	33260.0	53329.0	81980.0	114290.0	155448.0	202803.0	264615.0	330958.0	420860.0	519656.0	663901.0	838364.0	1112764.0	1511469.0	2436962.0	4098488.0	7049076.0	14268829.0	41746881.0	100192414.0	1206769.0
	13.0	14.0	15.0	16.0	17.0	18.0	19.0	20.0	21.0	22.0	23.0	24.0	25.0	26.0	27.0	28.0	29.0	30.0	31.0	32.0	33.0	34.0	35.0	36.0	37.0
SRR11352516_1	7.0	136.0	1444.0	6744.0	16714.0	28069.0	43939.0	59068.0	78312.0	98689.0	129134.0	168320.0	238374.0	338999.0	483163.0	642256.0	832095.0	1030323.0	1316640.0	1686159.0	2383055.0	3797372.0	10077634.0	92767013.0	8908124.0
	6.0	7.0	8.0	9.0	10.0	11.0	12.0	13.0	14.0	15.0	16.0	17.0	18.0	19.0	20.0	21.0	22.0	23.0	24.0	25.0	26.0	27.0	28.0	29.0	30.0	31.0	32.0	33.0	34.0	35.0	36.0	37.0
SRR11352516_2	1.0	1.0	1.0	3.0	8.0	7.0	32.0	342.0	2094.0	6470.0	13439.0	23961.0	39166.0	60156.0	82368.0	108999.0	140165.0	180746.0	225348.0	286548.0	353220.0	455616.0	577613.0	764626.0	1032754.0	1614526.0	2719167.0	4573284.0	9236766.0	27172405.0	74405427.0	1056524.0
	13.0	14.0	15.0	16.0	17.0	18.0	19.0	20.0	21.0	22.0	23.0	24.0	25.0	26.0	27.0	28.0	29.0	30.0	31.0	32.0	33.0	34.0	35.0	36.0	37.0
SRR11352517_1	9.0	152.0	2104.0	9415.0	23179.0	39154.0	59619.0	80196.0	105221.0	131992.0	167785.0	210301.0	283675.0	380784.0	517421.0	667394.0	854936.0	1049798.0	1343242.0	1717280.0	2433730.0	3887976.0	10173889.0	87880000.0	8377667.0
	6.0	7.0	8.0	9.0	10.0	11.0	12.0	13.0	14.0	15.0	16.0	17.0	18.0	19.0	20.0	21.0	22.0	23.0	24.0	25.0	26.0	27.0	28.0	29.0	30.0	31.0	32.0	33.0	34.0	35.0	36.0	37.0
SRR11352517_2	1.0	2.0	1.0	3.0	3.0	10.0	26.0	289.0	1882.0	5564.0	11684.0	21779.0	36823.0	56865.0	79897.0	108707.0	140847.0	186873.0	237310.0	304177.0	375628.0	481192.0	606778.0	806314.0	1088618.0	1695738.0	2744917.0	4697671.0	9525396.0	28158335.0	68175069.0	848520.0
	13.0	14.0	15.0	16.0	17.0	18.0	19.0	20.0	21.0	22.0	23.0	24.0	25.0	26.0	27.0	28.0	29.0	30.0	31.0	32.0	33.0	34.0	35.0	36.0	37.0
SRR11352518_1	1.0	104.0	1201.0	5360.0	13083.0	23653.0	36939.0	51531.0	69481.0	90062.0	116045.0	150134.0	207689.0	287122.0	408891.0	555510.0	750558.0	968962.0	1276213.0	1660005.0	2377514.0	3860252.0	10317012.0	87900724.0	7822175.0
	8.0	9.0	10.0	11.0	12.0	13.0	14.0	15.0	16.0	17.0	18.0	19.0	20.0	21.0	22.0	23.0	24.0	25.0	26.0	27.0	28.0	29.0	30.0	31.0	32.0	33.0	34.0	35.0	36.0	37.0
SRR11352518_2	2.0	2.0	6.0	9.0	14.0	238.0	1570.0	5298.0	11055.0	19435.0	31322.0	48014.0	67870.0	94234.0	124641.0	165890.0	210920.0	272213.0	341399.0	439732.0	557846.0	741157.0	991052.0	1460906.0	2259088.0	3901781.0	8266209.0	28363380.0	69779703.0	795235.0
	12.0	13.0	14.0	15.0	16.0	17.0	18.0	19.0	20.0	21.0	22.0	23.0	24.0	25.0	26.0	27.0	28.0	29.0	30.0	31.0	32.0	33.0	34.0	35.0	36.0	37.0
SRR11352519_1	1.0	5.0	214.0	2459.0	10463.0	25222.0	43819.0	66250.0	89998.0	118331.0	148503.0	188781.0	238706.0	324111.0	438724.0	601869.0	777585.0	988751.0	1205919.0	1523167.0	1943805.0	2770426.0	4641017.0	12693964.0	104078846.0	9872449.0
	6.0	7.0	8.0	9.0	10.0	11.0	12.0	13.0	14.0	15.0	16.0	17.0	18.0	19.0	20.0	21.0	22.0	23.0	24.0	25.0	26.0	27.0	28.0	29.0	30.0	31.0	32.0	33.0	34.0	35.0	36.0	37.0
SRR11352519_2	2.0	3.0	7.0	3.0	5.0	10.0	34.0	697.0	4193.0	12219.0	23014.0	37754.0	56330.0	82254.0	111363.0	149132.0	192436.0	248149.0	306432.0	384697.0	468072.0	593400.0	740165.0	973478.0	1324131.0	2185128.0	3738396.0	6249853.0	12206653.0	32832181.0	78864918.0	1008276.0
	13.0	14.0	15.0	16.0	17.0	18.0	19.0	20.0	21.0	22.0	23.0	24.0	25.0	26.0	27.0	28.0	29.0	30.0	31.0	32.0	33.0	34.0	35.0	36.0	37.0
SRR11352520_1	6.0	220.0	2833.0	12296.0	29730.0	51782.0	80446.0	110729.0	146963.0	183993.0	234506.0	302747.0	418603.0	579191.0	797034.0	1014633.0	1260360.0	1501502.0	1875500.0	2372454.0	3356187.0	5355936.0	14407306.0	125013032.0	11720547.0
	5.0	6.0	7.0	8.0	9.0	10.0	11.0	12.0	13.0	14.0	15.0	16.0	17.0	18.0	19.0	20.0	21.0	22.0	23.0	24.0	25.0	26.0	27.0	28.0	29.0	30.0	31.0	32.0	33.0	34.0	35.0	36.0	37.0
SRR11352520_2	1.0	2.0	4.0	4.0	11.0	0.0	11.0	44.0	625.0	3679.0	10949.0	22675.0	40517.0	64477.0	97583.0	133006.0	178826.0	227710.0	293517.0	363524.0	459335.0	563134.0	716735.0	907501.0	1205217.0	1676252.0	2895643.0	5063301.0	8343470.0	15664797.0	39003622.0	91654487.0	1237877.0
	13.0	14.0	15.0	16.0	17.0	18.0	19.0	20.0	21.0	22.0	23.0	24.0	25.0	26.0	27.0	28.0	29.0	30.0	31.0	32.0	33.0	34.0	35.0	36.0	37.0
SRR11352521_1	11.0	267.0	2773.0	12042.0	29180.0	50387.0	78445.0	107128.0	142673.0	179327.0	229938.0	293086.0	397733.0	535591.0	721587.0	909202.0	1128020.0	1343645.0	1684153.0	2132364.0	3007751.0	4791323.0	12454099.0	103920251.0	10191942.0
	7.0	8.0	9.0	10.0	11.0	12.0	13.0	14.0	15.0	16.0	17.0	18.0	19.0	20.0	21.0	22.0	23.0	24.0	25.0	26.0	27.0	28.0	29.0	30.0	31.0	32.0	33.0	34.0	35.0	36.0	37.0
SRR11352521_2	1.0	6.0	1.0	5.0	13.0	52.0	472.0	3210.0	9936.0	20681.0	37944.0	61051.0	93350.0	129868.0	174012.0	224816.0	293005.0	362126.0	452730.0	550770.0	688755.0	853469.0	1109325.0	1476690.0	2254746.0	3593465.0	6072054.0	11932612.0	33484906.0	79410311.0	1052536.0
	13.0	14.0	15.0	16.0	17.0	18.0	19.0	20.0	21.0	22.0	23.0	24.0	25.0	26.0	27.0	28.0	29.0	30.0	31.0	32.0	33.0	34.0	35.0	36.0	37.0
SRR11352522_1	4.0	184.0	2263.0	9969.0	23790.0	41229.0	62495.0	86013.0	113944.0	141354.0	182262.0	231285.0	313457.0	428760.0	592955.0	773740.0	994465.0	1225144.0	1565742.0	1997755.0	2826975.0	4569389.0	12498710.0	105566488.0	8925807.0
	7.0	8.0	9.0	10.0	11.0	12.0	13.0	14.0	15.0	16.0	17.0	18.0	19.0	20.0	21.0	22.0	23.0	24.0	25.0	26.0	27.0	28.0	29.0	30.0	31.0	32.0	33.0	34.0	35.0	36.0	37.0
SRR11352522_2	4.0	5.0	1.0	8.0	4.0	41.0	454.0	3043.0	9248.0	18591.0	32756.0	51474.0	77501.0	106516.0	142222.0	181669.0	233174.0	286543.0	362792.0	447119.0	569535.0	719832.0	949513.0	1292260.0	2097251.0	3497764.0	5744859.0	11366340.0	31980477.0	81881872.0	1121311.0
	13.0	14.0	15.0	16.0	17.0	18.0	19.0	20.0	21.0	22.0	23.0	24.0	25.0	26.0	27.0	28.0	29.0	30.0	31.0	32.0	33.0	34.0	35.0	36.0	37.0
SRR11352523_1	2.0	138.0	1716.0	7820.0	18616.0	32735.0	50951.0	71060.0	94174.0	118211.0	152415.0	195413.0	270635.0	377385.0	530464.0	699999.0	909208.0	1131715.0	1450149.0	1855749.0	2630759.0	4245076.0	11677683.0	110095377.0	10815874.0
	6.0	7.0	8.0	9.0	10.0	11.0	12.0	13.0	14.0	15.0	16.0	17.0	18.0	19.0	20.0	21.0	22.0	23.0	24.0	25.0	26.0	27.0	28.0	29.0	30.0	31.0	32.0	33.0	34.0	35.0	36.0	37.0
SRR11352523_2	1.0	1.0	1.0	2.0	4.0	13.0	31.0	360.0	2229.0	6621.0	12533.0	21755.0	34076.0	52128.0	73612.0	101806.0	134656.0	180961.0	230300.0	298196.0	374196.0	485037.0	621563.0	833234.0	1155812.0	1922232.0	3347430.0	5707092.0	11548603.0	32336262.0	86683907.0	1268670.0
	13.0	14.0	15.0	16.0	17.0	18.0	19.0	20.0	21.0	22.0	23.0	24.0	25.0	26.0	27.0	28.0	29.0	30.0	31.0	32.0	33.0	34.0	35.0	36.0	37.0
SRR11352524_1	6.0	226.0	2315.0	10261.0	24866.0	42651.0	65436.0	89842.0	119451.0	149368.0	190275.0	241243.0	324133.0	436068.0	595982.0	764605.0	971471.0	1188907.0	1514954.0	1968675.0	3093780.0	5230423.0	11975131.0	94415977.0	9164397.0
	5.0	6.0	7.0	8.0	9.0	10.0	11.0	12.0	13.0	14.0	15.0	16.0	17.0	18.0	19.0	20.0	21.0	22.0	23.0	24.0	25.0	26.0	27.0	28.0	29.0	30.0	31.0	32.0	33.0	34.0	35.0	36.0	37.0
SRR11352524_2	1.0	0.0	2.0	1.0	5.0	3.0	7.0	32.0	406.0	2348.0	7664.0	16757.0	31678.0	52283.0	80126.0	111198.0	147830.0	188606.0	241581.0	297811.0	372825.0	452264.0	568313.0	707729.0	920420.0	1235248.0	1961673.0	3253785.0	5473144.0	10782821.0	29900517.0	74756359.0	1017006.0
	13.0	14.0	15.0	16.0	17.0	18.0	19.0	20.0	21.0	22.0	23.0	24.0	25.0	26.0	27.0	28.0	29.0	30.0	31.0	32.0	33.0	34.0	35.0	36.0	37.0
SRR11352525_1	6.0	206.0	2623.0	11986.0	28116.0	47536.0	73149.0	99585.0	132583.0	164578.0	209472.0	260231.0	344497.0	453978.0	614832.0	787977.0	1004797.0	1234378.0	1572561.0	2017995.0	2863409.0	4636955.0	12574016.0	106544808.0	10235823.0
	8.0	9.0	10.0	11.0	12.0	13.0	14.0	15.0	16.0	17.0	18.0	19.0	20.0	21.0	22.0	23.0	24.0	25.0	26.0	27.0	28.0	29.0	30.0	31.0	32.0	33.0	34.0	35.0	36.0	37.0
SRR11352525_2	1.0	3.0	9.0	6.0	34.0	457.0	2768.0	8745.0	18447.0	34124.0	54871.0	83701.0	113661.0	151617.0	193634.0	251125.0	314270.0	396828.0	485484.0	612043.0	765815.0	1002066.0	1362770.0	2214773.0	3710038.0	6304401.0	12474828.0	33599570.0	80661746.0	1098262.0
	12.0	13.0	14.0	15.0	16.0	17.0	18.0	19.0	20.0	21.0	22.0	23.0	24.0	25.0	26.0	27.0	28.0	29.0	30.0	31.0	32.0	33.0	34.0	35.0	36.0	37.0
SRR11352526_1	1.0	9.0	193.0	2466.0	11208.0	26636.0	46722.0	71480.0	98625.0	131303.0	163957.0	209583.0	260753.0	345075.0	458981.0	623709.0	805643.0	1032604.0	1281678.0	1643491.0	2108615.0	2990479.0	4794944.0	12631199.0	107592042.0	10480545.0
	7.0	8.0	9.0	10.0	11.0	12.0	13.0	14.0	15.0	16.0	17.0	18.0	19.0	20.0	21.0	22.0	23.0	24.0	25.0	26.0	27.0	28.0	29.0	30.0	31.0	32.0	33.0	34.0	35.0	36.0	37.0
SRR11352526_2	3.0	2.0	3.0	7.0	12.0	27.0	363.0	2291.0	7521.0	16991.0	31907.0	53367.0	83357.0	114305.0	154375.0	199593.0	258275.0	321964.0	406032.0	495323.0	624011.0	781678.0	1027932.0	1395845.0	2238639.0	3708018.0	6347383.0	12633755.0	34850727.0	81026684.0	1031551.0
	13.0	14.0	15.0	16.0	17.0	18.0	19.0	20.0	21.0	22.0	23.0	24.0	25.0	26.0	27.0	28.0	29.0	30.0	31.0	32.0	33.0	34.0	35.0	36.0	37.0
SRR11352527_1	5.0	174.0	1862.0	8150.0	20127.0	34632.0	53500.0	72969.0	96771.0	120920.0	156064.0	202163.0	281115.0	386648.0	534662.0	683275.0	852293.0	1024901.0	1292788.0	1696564.0	2870073.0	4634455.0	10483537.0	83690421.0	7808809.0
	8.0	9.0	10.0	11.0	12.0	13.0	14.0	15.0	16.0	17.0	18.0	19.0	20.0	21.0	22.0	23.0	24.0	25.0	26.0	27.0	28.0	29.0	30.0	31.0	32.0	33.0	34.0	35.0	36.0	37.0
SRR11352527_2	1.0	3.0	5.0	12.0	31.0	434.0	3084.0	9257.0	18057.0	31163.0	47893.0	71537.0	97308.0	129808.0	167082.0	215007.0	264296.0	328761.0	398925.0	503198.0	629938.0	825718.0	1115101.0	1784253.0	2968106.0	5044582.0	9951350.0	27741808.0	63905491.0	754669.0
	13.0	14.0	15.0	16.0	17.0	18.0	19.0	20.0	21.0	22.0	23.0	24.0	25.0	26.0	27.0	28.0	29.0	30.0	31.0	32.0	33.0	34.0	35.0	36.0	37.0
SRR11352528_1	4.0	197.0	2524.0	11064.0	27485.0	47138.0	72878.0	100811.0	134064.0	167298.0	216167.0	270172.0	361758.0	482003.0	653832.0	843447.0	1086270.0	1352320.0	1749488.0	2273492.0	3267815.0	5268421.0	13444528.0	101133287.0	9367067.0
	7.0	8.0	9.0	10.0	11.0	12.0	13.0	14.0	15.0	16.0	17.0	18.0	19.0	20.0	21.0	22.0	23.0	24.0	25.0	26.0	27.0	28.0	29.0	30.0	31.0	32.0	33.0	34.0	35.0	36.0	37.0
SRR11352528_2	1.0	5.0	5.0	6.0	5.0	35.0	556.0	3567.0	10497.0	21196.0	38229.0	61825.0	94659.0	130009.0	175850.0	228036.0	299534.0	377733.0	481866.0	594822.0	760367.0	959175.0	1263693.0	1723859.0	2758604.0	4475698.0	7570648.0	14534196.0	37557668.0	67564155.0	647031.0
	13.0	14.0	15.0	16.0	17.0	18.0	19.0	20.0	21.0	22.0	23.0	24.0	25.0	26.0	27.0	28.0	29.0	30.0	31.0	32.0	33.0	34.0	35.0	36.0	37.0
SRR11352529_1	2.0	126.0	1476.0	6808.0	16400.0	27938.0	41726.0	56173.0	75252.0	95092.0	126679.0	173289.0	258517.0	376012.0	529376.0	668344.0	794670.0	903065.0	1101108.0	1392581.0	1969542.0	3129138.0	8125767.0	72028925.0	6646246.0
	6.0	7.0	8.0	9.0	10.0	11.0	12.0	13.0	14.0	15.0	16.0	17.0	18.0	19.0	20.0	21.0	22.0	23.0	24.0	25.0	26.0	27.0	28.0	29.0	30.0	31.0	32.0	33.0	34.0	35.0	36.0	37.0
SRR11352529_2	1.0	3.0	1.0	3.0	7.0	8.0	28.0	314.0	2193.0	6668.0	12618.0	22248.0	35763.0	53699.0	73513.0	98478.0	127546.0	167677.0	210071.0	262724.0	323289.0	410190.0	516232.0	681287.0	927775.0	1477773.0	2455450.0	4149294.0	8007672.0	22195562.0	55605153.0	721012.0
	13.0	14.0	15.0	16.0	17.0	18.0	19.0	20.0	21.0	22.0	23.0	24.0	25.0	26.0	27.0	28.0	29.0	30.0	31.0	32.0	33.0	34.0	35.0	36.0	37.0
SRR11352530_1	5.0	158.0	2060.0	8762.0	20927.0	34900.0	52875.0	70956.0	93800.0	117160.0	151614.0	203432.0	292352.0	417154.0	574884.0	720108.0	856209.0	971211.0	1179294.0	1475055.0	2071328.0	3294409.0	8826687.0	76641657.0	6730330.0
	7.0	8.0	9.0	10.0	11.0	12.0	13.0	14.0	15.0	16.0	17.0	18.0	19.0	20.0	21.0	22.0	23.0	24.0	25.0	26.0	27.0	28.0	29.0	30.0	31.0	32.0	33.0	34.0	35.0	36.0	37.0
SRR11352530_2	1.0	3.0	5.0	6.0	10.0	53.0	582.0	3203.0	8580.0	16094.0	27630.0	43394.0	65397.0	89360.0	117746.0	150592.0	194646.0	239327.0	299657.0	364331.0	461751.0	577674.0	756897.0	1021136.0	1629853.0	2715589.0	4593129.0	9017697.0	25129316.0	56651716.0	631952.0
	13.0	14.0	15.0	16.0	17.0	18.0	19.0	20.0	21.0	22.0	23.0	24.0	25.0	26.0	27.0	28.0	29.0	30.0	31.0	32.0	33.0	34.0	35.0	36.0	37.0
SRR11352531_1	6.0	175.0	2211.0	8951.0	21881.0	38183.0	59680.0	82008.0	109469.0	137716.0	177530.0	229147.0	316804.0	433611.0	600945.0	772917.0	974695.0	1180609.0	1494330.0	1905138.0	2696320.0	4340032.0	11665095.0	98623947.0	9274986.0
	7.0	8.0	9.0	10.0	11.0	12.0	13.0	14.0	15.0	16.0	17.0	18.0	19.0	20.0	21.0	22.0	23.0	24.0	25.0	26.0	27.0	28.0	29.0	30.0	31.0	32.0	33.0	34.0	35.0	36.0	37.0
SRR11352531_2	2.0	2.0	4.0	11.0	6.0	30.0	413.0	2691.0	8372.0	17515.0	31816.0	51176.0	76696.0	104956.0	141642.0	180165.0	232813.0	288304.0	364241.0	442979.0	564376.0	708701.0	935072.0	1271858.0	2055386.0	3448085.0	5784403.0	11307658.0	30515049.0	75558623.0	1053341.0
	13.0	14.0	15.0	16.0	17.0	18.0	19.0	20.0	21.0	22.0	23.0	24.0	25.0	26.0	27.0	28.0	29.0	30.0	31.0	32.0	33.0	34.0	35.0	36.0	37.0
SRR11352532_1	7.0	229.0	2723.0	11615.0	28334.0	48638.0	75086.0	103507.0	138084.0	174734.0	225706.0	288172.0	391484.0	530921.0	721965.0	919990.0	1150222.0	1387770.0	1749654.0	2227075.0	3159025.0	5137024.0	13769960.0	108639700.0	10837229.0
	6.0	7.0	8.0	9.0	10.0	11.0	12.0	13.0	14.0	15.0	16.0	17.0	18.0	19.0	20.0	21.0	22.0	23.0	24.0	25.0	26.0	27.0	28.0	29.0	30.0	31.0	32.0	33.0	34.0	35.0	36.0	37.0
SRR11352532_2	1.0	2.0	1.0	1.0	2.0	12.0	41.0	602.0	3741.0	11322.0	22999.0	40046.0	64108.0	95590.0	131174.0	174776.0	224518.0	290507.0	357911.0	447014.0	544329.0	678467.0	842941.0	1096130.0	1476900.0	2386012.0	4012690.0	6619555.0	12755917.0	33420942.0	84753785.0	1266818.0
	12.0	13.0	14.0	15.0	16.0	17.0	18.0	19.0	20.0	21.0	22.0	23.0	24.0	25.0	26.0	27.0	28.0	29.0	30.0	31.0	32.0	33.0	34.0	35.0	36.0	37.0
SRR11392157_1	1.0	5.0	150.0	1794.0	8043.0	19380.0	33475.0	51568.0	69953.0	93188.0	115831.0	149415.0	188643.0	256147.0	348237.0	483906.0	637293.0	830622.0	1035858.0	1334111.0	1733859.0	2635551.0	4535666.0	11203718.0	90864182.0	8514908.0
	7.0	8.0	9.0	10.0	11.0	12.0	13.0	14.0	15.0	16.0	17.0	18.0	19.0	20.0	21.0	22.0	23.0	24.0	25.0	26.0	27.0	28.0	29.0	30.0	31.0	32.0	33.0	34.0	35.0	36.0	37.0
SRR11392157_2	3.0	1.0	1.0	4.0	8.0	24.0	382.0	2397.0	7536.0	15301.0	26469.0	41673.0	63317.0	86932.0	118497.0	152107.0	198089.0	247588.0	312882.0	383727.0	487346.0	613930.0	808725.0	1099050.0	1805383.0	3062388.0	5010074.0	9830492.0	27728813.0	72069390.0	972975.0
	13.0	14.0	15.0	16.0	17.0	18.0	19.0	20.0	21.0	22.0	23.0	24.0	25.0	26.0	27.0	28.0	29.0	30.0	31.0	32.0	33.0	34.0	35.0	36.0	37.0
SRR11392158_1	7.0	132.0	1802.0	7760.0	18545.0	32007.0	48448.0	66489.0	87457.0	109207.0	137868.0	173824.0	232354.0	311726.0	427191.0	552555.0	706122.0	868902.0	1109942.0	1424431.0	2026754.0	3310411.0	9211842.0	79971169.0	7149559.0
	9.0	10.0	11.0	12.0	13.0	14.0	15.0	16.0	17.0	18.0	19.0	20.0	21.0	22.0	23.0	24.0	25.0	26.0	27.0	28.0	29.0	30.0	31.0	32.0	33.0	34.0	35.0	36.0	37.0
SRR11392158_2	5.0	4.0	5.0	26.0	367.0	2382.0	7086.0	14593.0	24995.0	38517.0	57652.0	78718.0	105117.0	134149.0	172794.0	212514.0	265242.0	323098.0	408138.0	514877.0	678878.0	924322.0	1508370.0	2571886.0	4314533.0	8535102.0	24077376.0	62168190.0	847568.0
	13.0	14.0	15.0	16.0	17.0	18.0	19.0	20.0	21.0	22.0	23.0	24.0	25.0	26.0	27.0	28.0	29.0	30.0	31.0	32.0	33.0	34.0	35.0	36.0	37.0
SRR11392159_1	5.0	207.0	2219.0	9756.0	24076.0	41540.0	64133.0	87193.0	115917.0	144546.0	185069.0	236914.0	324905.0	441789.0	602344.0	764145.0	942371.0	1125447.0	1404672.0	1781144.0	2525445.0	4098830.0	11197362.0	90487658.0	8314945.0
	6.0	7.0	8.0	9.0	10.0	11.0	12.0	13.0	14.0	15.0	16.0	17.0	18.0	19.0	20.0	21.0	22.0	23.0	24.0	25.0	26.0	27.0	28.0	29.0	30.0	31.0	32.0	33.0	34.0	35.0	36.0	37.0
SRR11392159_2	1.0	0.0	2.0	4.0	6.0	10.0	40.0	692.0	4258.0	11851.0	22575.0	36772.0	55437.0	79962.0	108755.0	145342.0	187359.0	240181.0	294454.0	368230.0	446863.0	561516.0	701607.0	919904.0	1249864.0	2085534.0	3550493.0	5701163.0	10700206.0	28818179.0	67772980.0	858392.0
	13.0	14.0	15.0	16.0	17.0	18.0	19.0	20.0	21.0	22.0	23.0	24.0	25.0	26.0	27.0	28.0	29.0	30.0	31.0	32.0	33.0	34.0	35.0	36.0	37.0
SRR11392160_1	3.0	212.0	2684.0	11058.0	26300.0	44837.0	68319.0	92592.0	123093.0	153368.0	198576.0	258702.0	362555.0	501591.0	687451.0	865873.0	1060244.0	1244516.0	1540041.0	1942043.0	2748522.0	4440776.0	12243090.0	105431773.0	9792884.0
	8.0	9.0	10.0	11.0	12.0	13.0	14.0	15.0	16.0	17.0	18.0	19.0	20.0	21.0	22.0	23.0	24.0	25.0	26.0	27.0	28.0	29.0	30.0	31.0	32.0	33.0	34.0	35.0	36.0	37.0
SRR11392160_2	2.0	0.0	5.0	13.0	40.0	649.0	3997.0	11260.0	21488.0	36153.0	54828.0	81312.0	110221.0	150353.0	197754.0	261676.0	332160.0	425596.0	522360.0	663947.0	831890.0	1095659.0	1513911.0	2624992.0	4520284.0	7296872.0	13826839.0	36089497.0	72413505.0	753840.0
	13.0	14.0	15.0	16.0	17.0	18.0	19.0	20.0	21.0	22.0	23.0	24.0	25.0	26.0	27.0	28.0	29.0	30.0	31.0	32.0	33.0	34.0	35.0	36.0	37.0
SRR11392161_1	8.0	215.0	2479.0	10725.0	26225.0	45296.0	69462.0	95081.0	125913.0	157006.0	200007.0	251095.0	338715.0	459303.0	634422.0	835638.0	1085519.0	1354586.0	1741067.0	2231814.0	3163879.0	5121899.0	14058114.0	122371014.0	10917294.0
	6.0	7.0	8.0	9.0	10.0	11.0	12.0	13.0	14.0	15.0	16.0	17.0	18.0	19.0	20.0	21.0	22.0	23.0	24.0	25.0	26.0	27.0	28.0	29.0	30.0	31.0	32.0	33.0	34.0	35.0	36.0	37.0
SRR11392161_2	1.0	1.0	2.0	1.0	12.0	13.0	40.0	507.0	3390.0	10527.0	21458.0	38462.0	61010.0	91289.0	126004.0	169928.0	218186.0	281792.0	350523.0	442579.0	543547.0	693348.0	877035.0	1162001.0	1605281.0	2724979.0	4704488.0	7795043.0	14994067.0	40269398.0	87121595.0	990269.0
	13.0	14.0	15.0	16.0	17.0	18.0	19.0	20.0	21.0	22.0	23.0	24.0	25.0	26.0	27.0	28.0	29.0	30.0	31.0	32.0	33.0	34.0	35.0	36.0	37.0
SRR11392162_1	2.0	168.0	2067.0	9005.0	22131.0	38857.0	60428.0	82987.0	109977.0	138096.0	176349.0	223948.0	302356.0	414019.0	574616.0	758989.0	993131.0	1244976.0	1603490.0	2055655.0	2916984.0	4741334.0	13339500.0	112898999.0	8317473.0
	6.0	7.0	8.0	9.0	10.0	11.0	12.0	13.0	14.0	15.0	16.0	17.0	18.0	19.0	20.0	21.0	22.0	23.0	24.0	25.0	26.0	27.0	28.0	29.0	30.0	31.0	32.0	33.0	34.0	35.0	36.0	37.0
SRR11392162_2	1.0	1.0	3.0	10.0	5.0	8.0	23.0	392.0	2575.0	8179.0	17068.0	30677.0	49017.0	74061.0	103894.0	141404.0	184549.0	239813.0	301196.0	384331.0	476455.0	610766.0	774155.0	1029112.0	1409747.0	2368837.0	4107331.0	6863754.0	13287992.0	35843780.0	81740373.0	976028.0
	12.0	13.0	14.0	15.0	16.0	17.0	18.0	19.0	20.0	21.0	22.0	23.0	24.0	25.0	26.0	27.0	28.0	29.0	30.0	31.0	32.0	33.0	34.0	35.0	36.0	37.0
SRR11392163_1	1.0	8.0	167.0	1904.0	8515.0	21090.0	36866.0	57146.0	79272.0	106355.0	133159.0	171716.0	217854.0	297870.0	408165.0	570742.0	757061.0	991756.0	1247351.0	1605993.0	2060304.0	2928783.0	4768016.0	13172952.0	112288750.0	10099539.0
	6.0	7.0	8.0	9.0	10.0	11.0	12.0	13.0	14.0	15.0	16.0	17.0	18.0	19.0	20.0	21.0	22.0	23.0	24.0	25.0	26.0	27.0	28.0	29.0	30.0	31.0	32.0	33.0	34.0	35.0	36.0	37.0
SRR11392163_2	1.0	1.0	1.0	1.0	6.0	11.0	39.0	405.0	2762.0	8604.0	17539.0	31088.0	50070.0	76519.0	105659.0	144137.0	187327.0	246275.0	307859.0	392906.0	484650.0	619155.0	782173.0	1034252.0	1407521.0	2301375.0	3912514.0	6576652.0	12934382.0	36065483.0	83357029.0	984939.0
	13.0	14.0	15.0	16.0	17.0	18.0	19.0	20.0	21.0	22.0	23.0	24.0	25.0	26.0	27.0	28.0	29.0	30.0	31.0	32.0	33.0	34.0	35.0	36.0	37.0
SRR11392164_1	6.0	181.0	2249.0	10286.0	24627.0	43072.0	66137.0	90788.0	120095.0	150401.0	192686.0	248655.0	342669.0	469729.0	642559.0	815732.0	1000107.0	1183552.0	1473704.0	1898928.0	2831038.0	5237250.0	13192811.0	93632630.0	8819766.0
	6.0	7.0	8.0	9.0	10.0	11.0	12.0	13.0	14.0	15.0	16.0	17.0	18.0	19.0	20.0	21.0	22.0	23.0	24.0	25.0	26.0	27.0	28.0	29.0	30.0	31.0	32.0	33.0	34.0	35.0	36.0	37.0
SRR11392164_2	3.0	2.0	1.0	2.0	5.0	13.0	57.0	915.0	5730.0	15108.0	27747.0	43567.0	63282.0	91043.0	122280.0	165248.0	214602.0	280568.0	349341.0	440708.0	539776.0	682029.0	852967.0	1117781.0	1543997.0	2696130.0	4580808.0	7320707.0	13574512.0	34941764.0	62246996.0	571969.0
	13.0	14.0	15.0	16.0	17.0	18.0	19.0	20.0	21.0	22.0	23.0	24.0	25.0	26.0	27.0	28.0	29.0	30.0	31.0	32.0	33.0	34.0	35.0	36.0	37.0
SRR11392165_1	9.0	160.0	1874.0	8136.0	19706.0	33822.0	52332.0	71853.0	95215.0	119959.0	152695.0	195505.0	269048.0	370650.0	513369.0	669062.0	860821.0	1057882.0	1355473.0	1803164.0	3053692.0	4843319.0	11543446.0	90055914.0	8580753.0
	7.0	8.0	9.0	10.0	11.0	12.0	13.0	14.0	15.0	16.0	17.0	18.0	19.0	20.0	21.0	22.0	23.0	24.0	25.0	26.0	27.0	28.0	29.0	30.0	31.0	32.0	33.0	34.0	35.0	36.0	37.0
SRR11392165_2	1.0	3.0	8.0	4.0	10.0	31.0	391.0	2596.0	7929.0	16328.0	28767.0	45531.0	69048.0	96688.0	130281.0	170820.0	224536.0	284239.0	365988.0	453967.0	580082.0	729802.0	957601.0	1302970.0	2157883.0	3689877.0	6129792.0	11842263.0	31825981.0	63955867.0	658575.0
	13.0	14.0	15.0	16.0	17.0	18.0	19.0	20.0	21.0	22.0	23.0	24.0	25.0	26.0	27.0	28.0	29.0	30.0	31.0	32.0	33.0	34.0	35.0	36.0	37.0
SRR11392166_1	10.0	188.0	2309.0	10098.0	24289.0	42238.0	64717.0	88275.0	116871.0	145841.0	186518.0	236877.0	321898.0	434091.0	594075.0	763830.0	969447.0	1187967.0	1507205.0	1953401.0	3040534.0	5617963.0	13158500.0	97486405.0	9116843.0
	7.0	8.0	9.0	10.0	11.0	12.0	13.0	14.0	15.0	16.0	17.0	18.0	19.0	20.0	21.0	22.0	23.0	24.0	25.0	26.0	27.0	28.0	29.0	30.0	31.0	32.0	33.0	34.0	35.0	36.0	37.0
SRR11392166_2	4.0	2.0	4.0	0.0	9.0	42.0	434.0	2578.0	8352.0	17288.0	31051.0	50300.0	76624.0	105935.0	143898.0	187088.0	245770.0	309814.0	394694.0	484036.0	613559.0	769740.0	1010249.0	1395158.0	2424414.0	4281241.0	6790601.0	12582059.0	32535734.0	71761196.0	848516.0
	13.0	14.0	15.0	16.0	17.0	18.0	19.0	20.0	21.0	22.0	23.0	24.0	25.0	26.0	27.0	28.0	29.0	30.0	31.0	32.0	33.0	34.0	35.0	36.0	37.0
SRR11392167_1	10.0	202.0	2405.0	10488.0	25452.0	43348.0	66372.0	90590.0	119128.0	149085.0	191305.0	245425.0	335646.0	458092.0	630080.0	806138.0	1012826.0	1220953.0	1536298.0	1944004.0	2734517.0	4384602.0	11808827.0	105809606.0	10063987.0
	6.0	7.0	8.0	9.0	10.0	11.0	12.0	13.0	14.0	15.0	16.0	17.0	18.0	19.0	20.0	21.0	22.0	23.0	24.0	25.0	26.0	27.0	28.0	29.0	30.0	31.0	32.0	33.0	34.0	35.0	36.0	37.0
SRR11392167_2	1.0	1.0	3.0	5.0	4.0	9.0	36.0	564.0	3755.0	11843.0	22682.0	38290.0	57800.0	85490.0	115784.0	155985.0	201254.0	259703.0	320698.0	400619.0	487006.0	616398.0	771725.0	1020889.0	1412818.0	2491570.0	4440298.0	7086778.0	13001878.0	32872336.0	76831230.0	981934.0
	13.0	14.0	15.0	16.0	17.0	18.0	19.0	20.0	21.0	22.0	23.0	24.0	25.0	26.0	27.0	28.0	29.0	30.0	31.0	32.0	33.0	34.0	35.0	36.0	37.0
SRR11392168_1	11.0	191.0	2537.0	10966.0	26965.0	46409.0	71193.0	98201.0	129853.0	161496.0	206399.0	259975.0	349826.0	466597.0	635786.0	821926.0	1056885.0	1311662.0	1671631.0	2124775.0	2992405.0	4797013.0	12964369.0	114693238.0	10721847.0
	6.0	7.0	8.0	9.0	10.0	11.0	12.0	13.0	14.0	15.0	16.0	17.0	18.0	19.0	20.0	21.0	22.0	23.0	24.0	25.0	26.0	27.0	28.0	29.0	30.0	31.0	32.0	33.0	34.0	35.0	36.0	37.0
SRR11392168_2	1.0	2.0	3.0	2.0	2.0	13.0	34.0	493.0	3503.0	10373.0	21310.0	37121.0	58181.0	86533.0	118419.0	159954.0	208117.0	272133.0	339092.0	428915.0	523484.0	662111.0	830429.0	1094974.0	1507048.0	2603903.0	4577850.0	7398107.0	13841430.0	36081312.0	83716101.0	1041206.0
	13.0	14.0	15.0	16.0	17.0	18.0	19.0	20.0	21.0	22.0	23.0	24.0	25.0	26.0	27.0	28.0	29.0	30.0	31.0	32.0	33.0	34.0	35.0	36.0	37.0
SRR11392169_1	5.0	190.0	2296.0	10067.0	24382.0	41501.0	64379.0	88157.0	116253.0	144809.0	183358.0	228889.0	304010.0	406449.0	555558.0	720478.0	928151.0	1149777.0	1467719.0	1872865.0	2655556.0	4322807.0	11843530.0	103002635.0	9803711.0
	5.0	6.0	7.0	8.0	9.0	10.0	11.0	12.0	13.0	14.0	15.0	16.0	17.0	18.0	19.0	20.0	21.0	22.0	23.0	24.0	25.0	26.0	27.0	28.0	29.0	30.0	31.0	32.0	33.0	34.0	35.0	36.0	37.0
SRR11392169_2	1.0	0.0	2.0	5.0	2.0	6.0	10.0	26.0	473.0	2933.0	8704.0	17607.0	30902.0	49039.0	74160.0	102285.0	138316.0	178773.0	235809.0	296337.0	380702.0	471233.0	603749.0	763981.0	1013372.0	1394865.0	2349578.0	3968804.0	6593503.0	12986724.0	35911313.0	71654901.0	709417.0
	13.0	14.0	15.0	16.0	17.0	18.0	19.0	20.0	21.0	22.0	23.0	24.0	25.0	26.0	27.0	28.0	29.0	30.0	31.0	32.0	33.0	34.0	35.0	36.0	37.0
SRR11392170_1	3.0	213.0	2403.0	10739.0	26146.0	45288.0	69231.0	94557.0	124448.0	154625.0	196030.0	248859.0	335785.0	455463.0	631696.0	828246.0	1076343.0	1339873.0	1723940.0	2323939.0	3797518.0	5899736.0	14312081.0	117130637.0	11036755.0
	7.0	8.0	9.0	10.0	11.0	12.0	13.0	14.0	15.0	16.0	17.0	18.0	19.0	20.0	21.0	22.0	23.0	24.0	25.0	26.0	27.0	28.0	29.0	30.0	31.0	32.0	33.0	34.0	35.0	36.0	37.0
SRR11392170_2	2.0	2.0	6.0	1.0	10.0	44.0	433.0	2857.0	9181.0	19206.0	34807.0	56377.0	87438.0	121421.0	166071.0	216569.0	288203.0	366398.0	472924.0	586671.0	746791.0	937310.0	1228593.0	1661278.0	2701131.0	4534646.0	7656781.0	15137595.0	42224477.0	81842026.0	765305.0
	13.0	14.0	15.0	16.0	17.0	18.0	19.0	20.0	21.0	22.0	23.0	24.0	25.0	26.0	27.0	28.0	29.0	30.0	31.0	32.0	33.0	34.0	35.0	36.0	37.0
SRR11392171_1	4.0	136.0	1610.0	7233.0	17218.0	30310.0	46335.0	64432.0	84532.0	107767.0	141937.0	189014.0	271352.0	387171.0	544607.0	709194.0	890654.0	1072654.0	1352995.0	1716257.0	2426258.0	3926224.0	10783457.0	96664026.0	8985312.0
	7.0	8.0	9.0	10.0	11.0	12.0	13.0	14.0	15.0	16.0	17.0	18.0	19.0	20.0	21.0	22.0	23.0	24.0	25.0	26.0	27.0	28.0	29.0	30.0	31.0	32.0	33.0	34.0	35.0	36.0	37.0
SRR11392171_2	3.0	3.0	3.0	2.0	11.0	28.0	463.0	3268.0	9195.0	17295.0	27785.0	42056.0	61745.0	84564.0	116050.0	152756.0	203201.0	257013.0	328376.0	404742.0	519146.0	656493.0	869334.0	1185809.0	1962326.0	3378777.0	5672697.0	11037130.0	30634037.0	71922423.0	873958.0
	13.0	14.0	15.0	16.0	17.0	18.0	19.0	20.0	21.0	22.0	23.0	24.0	25.0	26.0	27.0	28.0	29.0	30.0	31.0	32.0	33.0	34.0	35.0	36.0	37.0
SRR11392172_1	2.0	142.0	1444.0	6307.0	15226.0	26547.0	40665.0	56688.0	74826.0	93194.0	116681.0	146331.0	195306.0	260586.0	360322.0	474839.0	622931.0	783905.0	1008859.0	1289461.0	1821628.0	2927446.0	7969110.0	75077175.0	7391778.0
	7.0	8.0	9.0	10.0	11.0	12.0	13.0	14.0	15.0	16.0	17.0	18.0	19.0	20.0	21.0	22.0	23.0	24.0	25.0	26.0	27.0	28.0	29.0	30.0	31.0	32.0	33.0	34.0	35.0	36.0	37.0
SRR11392172_2	1.0	1.0	4.0	3.0	9.0	18.0	245.0	1653.0	5431.0	11410.0	20839.0	33402.0	51415.0	71853.0	97403.0	126073.0	164936.0	208373.0	267646.0	332611.0	424913.0	538662.0	711316.0	976235.0	1649264.0	2832140.0	4724265.0	9242712.0	25390971.0	52333317.0	544278.0
	13.0	14.0	15.0	16.0	17.0	18.0	19.0	20.0	21.0	22.0	23.0	24.0	25.0	26.0	27.0	28.0	29.0	30.0	31.0	32.0	33.0	34.0	35.0	36.0	37.0
SRR11392173_1	4.0	155.0	1895.0	8643.0	21315.0	36536.0	56136.0	76711.0	102505.0	127531.0	163003.0	207154.0	283037.0	384422.0	530183.0	686942.0	877671.0	1080781.0	1378770.0	1784267.0	2697896.0	4779324.0	11733950.0	93319479.0	8606770.0
	7.0	8.0	9.0	10.0	11.0	12.0	13.0	14.0	15.0	16.0	17.0	18.0	19.0	20.0	21.0	22.0	23.0	24.0	25.0	26.0	27.0	28.0	29.0	30.0	31.0	32.0	33.0	34.0	35.0	36.0	37.0
SRR11392173_2	1.0	3.0	2.0	5.0	7.0	35.0	452.0	2933.0	8731.0	17500.0	29527.0	46140.0	68602.0	94761.0	129132.0	168832.0	222642.0	280047.0	360339.0	445436.0	567363.0	713066.0	935538.0	1271500.0	2096532.0	3536102.0	5865539.0	11539641.0	32070728.0	67749451.0	724493.0
	13.0	14.0	15.0	16.0	17.0	18.0	19.0	20.0	21.0	22.0	23.0	24.0	25.0	26.0	27.0	28.0	29.0	30.0	31.0	32.0	33.0	34.0	35.0	36.0	37.0
SRR11392174_1	5.0	186.0	2197.0	9667.0	23296.0	39900.0	60959.0	83122.0	110044.0	137002.0	174213.0	218744.0	294118.0	396023.0	544694.0	708986.0	910368.0	1123198.0	1427707.0	1820841.0	2571635.0	4134220.0	11239050.0	100495583.0	9288207.0
	6.0	7.0	8.0	9.0	10.0	11.0	12.0	13.0	14.0	15.0	16.0	17.0	18.0	19.0	20.0	21.0	22.0	23.0	24.0	25.0	26.0	27.0	28.0	29.0	30.0	31.0	32.0	33.0	34.0	35.0	36.0	37.0
SRR11392174_2	2.0	1.0	3.0	4.0	9.0	9.0	39.0	435.0	2690.0	8426.0	17554.0	30654.0	49179.0	74328.0	102449.0	136434.0	174495.0	224018.0	275145.0	344498.0	421649.0	535095.0	671442.0	885586.0	1207131.0	1984235.0	3407005.0	5642436.0	11193602.0	30596520.0	76793547.0	1035345.0
	13.0	14.0	15.0	16.0	17.0	18.0	19.0	20.0	21.0	22.0	23.0	24.0	25.0	26.0	27.0	28.0	29.0	30.0	31.0	32.0	33.0	34.0	35.0	36.0	37.0
SRR11392175_1	6.0	157.0	1925.0	8385.0	20612.0	35765.0	54348.0	74988.0	100464.0	125700.0	164240.0	214439.0	298782.0	413731.0	579205.0	756756.0	967997.0	1185792.0	1527158.0	2001549.0	3110571.0	5706177.0	13927023.0	99708735.0	7528131.0
	7.0	8.0	9.0	10.0	11.0	12.0	13.0	14.0	15.0	16.0	17.0	18.0	19.0	20.0	21.0	22.0	23.0	24.0	25.0	26.0	27.0	28.0	29.0	30.0	31.0	32.0	33.0	34.0	35.0	36.0	37.0
SRR11392175_2	1.0	1.0	5.0	5.0	10.0	41.0	644.0	3993.0	11284.0	20617.0	32484.0	46936.0	66971.0	91572.0	125057.0	165316.0	221671.0	282591.0	362146.0	452155.0	583856.0	744011.0	991353.0	1370356.0	2288671.0	3828701.0	6420167.0	12786436.0	35975337.0	70973240.0	667008.0
	13.0	14.0	15.0	16.0	17.0	18.0	19.0	20.0	21.0	22.0	23.0	24.0	25.0	26.0	27.0	28.0	29.0	30.0	31.0	32.0	33.0	34.0	35.0	36.0	37.0
SRR11392177_1	10.0	230.0	2877.0	12962.0	31486.0	54605.0	84144.0	116242.0	154876.0	195728.0	249665.0	318341.0	435545.0	594615.0	823194.0	1076392.0	1382239.0	1712183.0	2186178.0	2817721.0	4137255.0	7332551.0	19258364.0	149354391.0	11253337.0
	6.0	7.0	8.0	9.0	10.0	11.0	12.0	13.0	14.0	15.0	16.0	17.0	18.0	19.0	20.0	21.0	22.0	23.0	24.0	25.0	26.0	27.0	28.0	29.0	30.0	31.0	32.0	33.0	34.0	35.0	36.0	37.0
SRR11392177_2	3.0	0.0	1.0	4.0	14.0	15.0	44.0	664.0	4282.0	13337.0	26716.0	46109.0	72496.0	109430.0	151221.0	204242.0	267585.0	352151.0	445804.0	573881.0	708686.0	906504.0	1138305.0	1503615.0	2039075.0	3363174.0	5738271.0	9592011.0	18701949.0	50855351.0	105650377.0	1119814.0
	13.0	14.0	15.0	16.0	17.0	18.0	19.0	20.0	21.0	22.0	23.0	24.0	25.0	26.0	27.0	28.0	29.0	30.0	31.0	32.0	33.0	34.0	35.0	36.0	37.0
SRR11392178_1	6.0	186.0	2103.0	8955.0	21581.0	36606.0	55776.0	76190.0	101588.0	129680.0	173721.0	242353.0	363559.0	527604.0	728892.0	893066.0	1008151.0	1072955.0	1252512.0	1605485.0	2338468.0	4160076.0	11464409.0	73229313.0	6638179.0
	7.0	8.0	9.0	10.0	11.0	12.0	13.0	14.0	15.0	16.0	17.0	18.0	19.0	20.0	21.0	22.0	23.0	24.0	25.0	26.0	27.0	28.0	29.0	30.0	31.0	32.0	33.0	34.0	35.0	36.0	37.0
SRR11392178_2	1.0	3.0	3.0	7.0	11.0	57.0	773.0	4649.0	12322.0	22879.0	36687.0	55012.0	79561.0	105671.0	140309.0	178971.0	229355.0	277396.0	339477.0	407381.0	511889.0	637912.0	832640.0	1127261.0	1793684.0	2987367.0	5123685.0	9835849.0	26027229.0	54753300.0	610073.0
	13.0	14.0	15.0	16.0	17.0	18.0	19.0	20.0	21.0	22.0	23.0	24.0	25.0	26.0	27.0	28.0	29.0	30.0	31.0	32.0	33.0	34.0	35.0	36.0	37.0
SRR11392179_1	7.0	134.0	1805.0	7656.0	18649.0	32381.0	50151.0	69008.0	91620.0	114872.0	146788.0	183774.0	248859.0	333693.0	463667.0	609998.0	799856.0	998537.0	1283681.0	1639150.0	2312581.0	3720154.0	10111696.0	90524436.0	8333395.0
	6.0	7.0	8.0	9.0	10.0	11.0	12.0	13.0	14.0	15.0	16.0	17.0	18.0	19.0	20.0	21.0	22.0	23.0	24.0	25.0	26.0	27.0	28.0	29.0	30.0	31.0	32.0	33.0	34.0	35.0	36.0	37.0
SRR11392179_2	3.0	2.0	6.0	3.0	5.0	11.0	28.0	367.0	2251.0	7039.0	15040.0	26599.0	42387.0	63786.0	88816.0	120045.0	155335.0	202728.0	256228.0	327508.0	406340.0	521600.0	655722.0	865937.0	1174366.0	1914868.0	3253866.0	5487502.0	10790849.0	29802388.0	65174355.0	740568.0
	13.0	14.0	15.0	16.0	17.0	18.0	19.0	20.0	21.0	22.0	23.0	24.0	25.0	26.0	27.0	28.0	29.0	30.0	31.0	32.0	33.0	34.0	35.0	36.0	37.0
SRR11392180_1	3.0	146.0	1794.0	7921.0	19164.0	32595.0	49862.0	67931.0	89397.0	111690.0	143306.0	180377.0	240901.0	323469.0	443150.0	576626.0	745857.0	925400.0	1191563.0	1524678.0	2170217.0	3540407.0	9765691.0	82362753.0	7151918.0
	6.0	7.0	8.0	9.0	10.0	11.0	12.0	13.0	14.0	15.0	16.0	17.0	18.0	19.0	20.0	21.0	22.0	23.0	24.0	25.0	26.0	27.0	28.0	29.0	30.0	31.0	32.0	33.0	34.0	35.0	36.0	37.0
SRR11392180_2	3.0	1.0	3.0	3.0	3.0	9.0	23.0	330.0	2279.0	7002.0	14157.0	25173.0	40701.0	61365.0	85811.0	115995.0	151100.0	197900.0	246536.0	311954.0	382232.0	485393.0	610753.0	803899.0	1099858.0	1832990.0	3083629.0	5068566.0	9946255.0	28116721.0	58383390.0	592782.0
	13.0	14.0	15.0	16.0	17.0	18.0	19.0	20.0	21.0	22.0	23.0	24.0	25.0	26.0	27.0	28.0	29.0	30.0	31.0	32.0	33.0	34.0	35.0	36.0	37.0
SRR11392181_1	3.0	68.0	825.0	3814.0	9289.0	16172.0	24833.0	34542.0	45802.0	57155.0	73069.0	91423.0	123989.0	168232.0	236329.0	312046.0	410994.0	517699.0	671940.0	862066.0	1230120.0	1999939.0	5566337.0	53027864.0	4918821.0
	7.0	8.0	9.0	10.0	11.0	12.0	13.0	14.0	15.0	16.0	17.0	18.0	19.0	20.0	21.0	22.0	23.0	24.0	25.0	26.0	27.0	28.0	29.0	30.0	31.0	32.0	33.0	34.0	35.0	36.0	37.0
SRR11392181_2	1.0	0.0	1.0	5.0	8.0	14.0	145.0	969.0	2939.0	6434.0	12201.0	19984.0	31082.0	43826.0	60109.0	78175.0	102512.0	127806.0	163739.0	203649.0	262626.0	331367.0	437773.0	596357.0	997234.0	1751243.0	2900282.0	5640269.0	15963430.0	40159506.0	509685.0
	13.0	14.0	15.0	16.0	17.0	18.0	19.0	20.0	21.0	22.0	23.0	24.0	25.0	26.0	27.0	28.0	29.0	30.0	31.0	32.0	33.0	34.0	35.0	36.0	37.0
SRR11392182_1	8.0	248.0	3063.0	13395.0	32897.0	56805.0	86884.0	118902.0	158061.0	198156.0	251563.0	320598.0	434141.0	594364.0	824532.0	1080128.0	1392608.0	1727023.0	2203749.0	2815843.0	3971702.0	6392681.0	17367494.0	152797207.0	13964643.0
	6.0	7.0	8.0	9.0	10.0	11.0	12.0	13.0	14.0	15.0	16.0	17.0	18.0	19.0	20.0	21.0	22.0	23.0	24.0	25.0	26.0	27.0	28.0	29.0	30.0	31.0	32.0	33.0	34.0	35.0	36.0	37.0
SRR11392182_2	1.0	3.0	6.0	4.0	7.0	15.0	66.0	691.0	4474.0	13410.0	27402.0	48159.0	76343.0	115406.0	159724.0	217605.0	284727.0	377402.0	481376.0	622239.0	775896.0	995394.0	1261404.0	1670629.0	2312900.0	3948192.0	6673237.0	11191966.0	21641182.0	57230034.0	95892154.0	784647.0

