## htsjdk.samtools.metrics.StringHeader
# MarkDuplicates --INPUT /scratch/sballas/ISG5312FinalProject/results/03_alignment/bwa_align/SRR11392169.sorted.bam --OUTPUT /scratch/sballas/ISG5312FinalProject/results/03_alignment/bwa_align/SRR11392169.markdup.bam --METRICS_FILE /scratch/sballas/ISG5312FinalProject/results/03_alignment/bwa_align/SRR11392169.markdup.metrics.txt --TMP_DIR /scratch/sballas/tmp --VALIDATION_STRINGENCY SILENT --CREATE_INDEX true --MAX_SEQUENCES_FOR_DISK_READ_ENDS_MAP 50000 --MAX_FILE_HANDLES_FOR_READ_ENDS_MAP 8000 --SORTING_COLLECTION_SIZE_RATIO 0.25 --TAG_DUPLICATE_SET_MEMBERS false --REMOVE_SEQUENCING_DUPLICATES false --TAGGING_POLICY DontTag --CLEAR_DT true --DUPLEX_UMI false --FLOW_MODE false --FLOW_QUALITY_SUM_STRATEGY false --USE_END_IN_UNPAIRED_READS false --USE_UNPAIRED_CLIPPED_END false --UNPAIRED_END_UNCERTAINTY 0 --FLOW_SKIP_FIRST_N_FLOWS 0 --FLOW_Q_IS_KNOWN_END false --FLOW_EFFECTIVE_QUALITY_THRESHOLD 15 --ADD_PG_TAG_TO_READS true --REMOVE_DUPLICATES false --ASSUME_SORTED false --DUPLICATE_SCORING_STRATEGY SUM_OF_BASE_QUALITIES --PROGRAM_RECORD_ID MarkDuplicates --PROGRAM_GROUP_NAME MarkDuplicates --READ_NAME_REGEX <optimized capture of last three ':' separated fields as numeric values> --OPTICAL_DUPLICATE_PIXEL_DISTANCE 100 --MAX_OPTICAL_DUPLICATE_SET_SIZE 300000 --VERBOSITY INFO --QUIET false --COMPRESSION_LEVEL 2 --MAX_RECORDS_IN_RAM 500000 --CREATE_MD5_FILE false --GA4GH_CLIENT_SECRETS client_secrets.json --help false --version false --showHidden false --USE_JDK_DEFLATER false --USE_JDK_INFLATER false
## htsjdk.samtools.metrics.StringHeader
# Started on: Sun Apr 12 06:10:56 GMT 2026

## METRICS CLASS	picard.sam.DuplicationMetrics
LIBRARY	UNPAIRED_READS_EXAMINED	READ_PAIRS_EXAMINED	SECONDARY_OR_SUPPLEMENTARY_RDS	UNMAPPED_READS	UNPAIRED_READ_DUPLICATES	READ_PAIR_DUPLICATES	READ_PAIR_OPTICAL_DUPLICATES	PERCENT_DUPLICATION	ESTIMATED_LIBRARY_SIZE
SRR11392169_lib1	213454	91955802	513856	447662	148155	34969419	0	0.380649	87775085

## HISTOGRAM	java.lang.Double
BIN	CoverageMult	all_sets	non_optical_sets
1.0	1	35109974	35109974
2.0	1.350768	13830975	13830975
3.0	1.473806	5212297	5212297
4.0	1.516964	1833105	1833105
5.0	1.532103	622728	622728
6.0	1.537413	215565	215565
7.0	1.539275	79204	79204
8.0	1.539929	32514	32514
9.0	1.540158	15151	15151
10.0	1.540238	8237	8237
11.0	1.540267	5457	5457
12.0	1.540276	3785	3785
13.0	1.54028	2799	2799
14.0	1.540281	2094	2094
15.0	1.540282	1701	1701
16.0	1.540282	1388	1388
17.0	1.540282	1165	1165
18.0	1.540282	996	996
19.0	1.540282	839	839
20.0	1.540282	710	710
21.0	1.540282	639	639
22.0	1.540282	556	556
23.0	1.540282	462	462
24.0	1.540282	393	393
25.0	1.540282	329	329
26.0	1.540282	340	340
27.0	1.540282	259	259
28.0	1.540282	244	244
29.0	1.540282	207	207
30.0	1.540282	206	206
31.0	1.540282	183	183
32.0	1.540282	145	145
33.0	1.540282	144	144
34.0	1.540282	137	137
35.0	1.540282	123	123
36.0	1.540282	95	95
37.0	1.540282	84	84
38.0	1.540282	97	97
39.0	1.540282	58	58
40.0	1.540282	76	76
41.0	1.540282	65	65
42.0	1.540282	49	49
43.0	1.540282	54	54
44.0	1.540282	44	44
45.0	1.540282	39	39
46.0	1.540282	42	42
47.0	1.540282	34	34
48.0	1.540282	26	26
49.0	1.540282	32	32
50.0	1.540282	33	33
51.0	1.540282	29	29
52.0	1.540282	24	24
53.0	1.540282	20	20
54.0	1.540282	15	15
55.0	1.540282	19	19
56.0	1.540282	13	13
57.0	1.540282	20	20
58.0	1.540282	13	13
59.0	1.540282	8	8
60.0	1.540282	16	16
61.0	1.540282	8	8
62.0	1.540282	9	9
63.0	1.540282	11	11
64.0	1.540282	8	8
65.0	1.540282	15	15
66.0	1.540282	6	6
67.0	1.540282	7	7
68.0	1.540282	8	8
69.0	1.540282	3	3
70.0	1.540282	4	4
71.0	1.540282	3	3
72.0	1.540282	2	2
73.0	1.540282	3	3
74.0	1.540282	4	4
75.0	1.540282	4	4
76.0	1.540282	5	5
77.0	1.540282	3	3
78.0	1.540282	3	3
79.0	1.540282	2	2
80.0	1.540282	1	1
81.0	1.540282	5	5
82.0	1.540282	1	1
83.0	1.540282	2	2
84.0	1.540282	5	5
85.0	1.540282	3	3
86.0	1.540282	0	0
87.0	1.540282	5	5
88.0	1.540282	6	6
89.0	1.540282	4	4
90.0	1.540282	4	4
91.0	1.540282	2	2
92.0	1.540282	2	2
93.0	1.540282	3	3
94.0	1.540282	1	1
95.0	1.540282	1	1
96.0	1.540282	1	1
97.0	1.540282	1	1
98.0	1.540282	2	2
99.0	1.540282	0	0
100.0	1.540282	1	1
101.0	0	2	2
103.0	0	3	3
104.0	0	1	1
105.0	0	2	2
107.0	0	2	2
110.0	0	1	1
112.0	0	1	1
114.0	0	1	1
119.0	0	1	1
122.0	0	1	1
128.0	0	1	1
130.0	0	1	1
131.0	0	1	1
132.0	0	1	1
133.0	0	1	1
137.0	0	2	2
141.0	0	1	1
152.0	0	1	1
158.0	0	1	1
160.0	0	1	1
161.0	0	1	1
163.0	0	1	1
164.0	0	1	1
165.0	0	1	1
170.0	0	1	1
171.0	0	1	1
172.0	0	1	1
174.0	0	2	2
177.0	0	1	1
181.0	0	1	1
184.0	0	1	1
185.0	0	1	1
188.0	0	1	1
191.0	0	3	3
193.0	0	1	1
194.0	0	1	1
195.0	0	1	1
202.0	0	1	1
207.0	0	1	1
211.0	0	1	1
213.0	0	1	1
222.0	0	1	1
223.0	0	1	1
224.0	0	1	1
227.0	0	1	1
229.0	0	1	1
230.0	0	2	2
231.0	0	1	1
235.0	0	1	1
238.0	0	1	1
239.0	0	1	1
243.0	0	1	1
244.0	0	1	1
245.0	0	1	1
247.0	0	1	1
251.0	0	2	2
253.0	0	1	1
254.0	0	1	1
258.0	0	2	2
261.0	0	2	2
262.0	0	1	1
264.0	0	1	1
265.0	0	1	1
268.0	0	1	1
270.0	0	1	1
277.0	0	1	1
278.0	0	1	1
282.0	0	1	1
286.0	0	1	1
288.0	0	1	1
293.0	0	1	1
295.0	0	1	1
297.0	0	3	3
299.0	0	1	1
301.0	0	1	1
310.0	0	1	1
311.0	0	1	1
313.0	0	1	1
315.0	0	1	1
316.0	0	1	1
326.0	0	1	1
333.0	0	1	1
358.0	0	1	1
367.0	0	1	1
368.0	0	1	1
369.0	0	1	1
383.0	0	1	1
390.0	0	1	1
427.0	0	1	1
444.0	0	1	1
462.0	0	1	1
467.0	0	1	1
472.0	0	1	1
504.0	0	1	1
530.0	0	1	1
544.0	0	2	2
550.0	0	1	1
560.0	0	1	1
567.0	0	1	1
575.0	0	1	1
577.0	0	1	1
580.0	0	1	1
587.0	0	2	2
603.0	0	1	1
624.0	0	1	1
635.0	0	1	1
655.0	0	1	1
685.0	0	1	1
782.0	0	1	1
798.0	0	1	1
800.0	0	1	1
814.0	0	1	1
817.0	0	1	1
863.0	0	1	1
886.0	0	1	1
935.0	0	1	1
954.0	0	1	1
1004.0	0	1	1
1018.0	0	1	1
1039.0	0	1	1
1048.0	0	1	1
1178.0	0	1	1
1243.0	0	1	1
1321.0	0	1	1
1405.0	0	1	1
1412.0	0	1	1
1415.0	0	1	1
1493.0	0	1	1
1635.0	0	1	1
1679.0	0	1	1
1754.0	0	1	1
1756.0	0	1	1
1789.0	0	1	1
1815.0	0	1	1
1835.0	0	1	1
2011.0	0	1	1
2088.0	0	1	1
2118.0	0	1	1
2304.0	0	1	1
2557.0	0	1	1
2567.0	0	1	1
2787.0	0	1	1
2830.0	0	1	1
2859.0	0	1	1
3055.0	0	1	1
3267.0	0	1	1
3313.0	0	1	1
3400.0	0	1	1
3489.0	0	1	1
4294.0	0	1	1
6220.0	0	1	1
201830.0	0	1	1

