## htsjdk.samtools.metrics.StringHeader
# MarkDuplicates --INPUT /scratch/sballas/ISG5312FinalProject/results/03_alignment/bwa_align/SRR11352510.sorted.bam --OUTPUT /scratch/sballas/ISG5312FinalProject/results/03_alignment/bwa_align/SRR11352510.markdup.bam --METRICS_FILE /scratch/sballas/ISG5312FinalProject/results/03_alignment/bwa_align/SRR11352510.markdup.metrics.txt --TMP_DIR /scratch/sballas/tmp --VALIDATION_STRINGENCY SILENT --CREATE_INDEX true --MAX_SEQUENCES_FOR_DISK_READ_ENDS_MAP 50000 --MAX_FILE_HANDLES_FOR_READ_ENDS_MAP 8000 --SORTING_COLLECTION_SIZE_RATIO 0.25 --TAG_DUPLICATE_SET_MEMBERS false --REMOVE_SEQUENCING_DUPLICATES false --TAGGING_POLICY DontTag --CLEAR_DT true --DUPLEX_UMI false --FLOW_MODE false --FLOW_QUALITY_SUM_STRATEGY false --USE_END_IN_UNPAIRED_READS false --USE_UNPAIRED_CLIPPED_END false --UNPAIRED_END_UNCERTAINTY 0 --FLOW_SKIP_FIRST_N_FLOWS 0 --FLOW_Q_IS_KNOWN_END false --FLOW_EFFECTIVE_QUALITY_THRESHOLD 15 --ADD_PG_TAG_TO_READS true --REMOVE_DUPLICATES false --ASSUME_SORTED false --DUPLICATE_SCORING_STRATEGY SUM_OF_BASE_QUALITIES --PROGRAM_RECORD_ID MarkDuplicates --PROGRAM_GROUP_NAME MarkDuplicates --READ_NAME_REGEX <optimized capture of last three ':' separated fields as numeric values> --OPTICAL_DUPLICATE_PIXEL_DISTANCE 100 --MAX_OPTICAL_DUPLICATE_SET_SIZE 300000 --VERBOSITY INFO --QUIET false --COMPRESSION_LEVEL 2 --MAX_RECORDS_IN_RAM 500000 --CREATE_MD5_FILE false --GA4GH_CLIENT_SECRETS client_secrets.json --help false --version false --showHidden false --USE_JDK_DEFLATER false --USE_JDK_INFLATER false
## htsjdk.samtools.metrics.StringHeader
# Started on: Sun Apr 12 03:24:28 GMT 2026

## METRICS CLASS	picard.sam.DuplicationMetrics
LIBRARY	UNPAIRED_READS_EXAMINED	READ_PAIRS_EXAMINED	SECONDARY_OR_SUPPLEMENTARY_RDS	UNMAPPED_READS	UNPAIRED_READ_DUPLICATES	READ_PAIR_DUPLICATES	READ_PAIR_OPTICAL_DUPLICATES	PERCENT_DUPLICATION	ESTIMATED_LIBRARY_SIZE
SRR11352510_lib1	489581	90925814	2873843	827223	401475	39596681	0	0.436516	71155950

## HISTOGRAM	java.lang.Double
BIN	CoverageMult	all_sets	non_optical_sets
1.0	1	28720514	28720514
2.0	1.278639	13218984	13218984
3.0	1.356279	5615980	5615980
4.0	1.377912	2218023	2218023
5.0	1.38394	872820	872820
6.0	1.38562	355246	355246
7.0	1.386088	152762	152762
8.0	1.386218	70624	70624
9.0	1.386254	34622	34622
10.0	1.386264	18868	18868
11.0	1.386267	11564	11564
12.0	1.386268	7617	7617
13.0	1.386268	5350	5350
14.0	1.386268	4192	4192
15.0	1.386268	3186	3186
16.0	1.386268	2548	2548
17.0	1.386268	2084	2084
18.0	1.386268	1756	1756
19.0	1.386268	1437	1437
20.0	1.386268	1221	1221
21.0	1.386268	1092	1092
22.0	1.386268	922	922
23.0	1.386268	828	828
24.0	1.386268	692	692
25.0	1.386268	586	586
26.0	1.386268	561	561
27.0	1.386268	498	498
28.0	1.386268	396	396
29.0	1.386268	346	346
30.0	1.386268	366	366
31.0	1.386268	304	304
32.0	1.386268	270	270
33.0	1.386268	248	248
34.0	1.386268	216	216
35.0	1.386268	180	180
36.0	1.386268	177	177
37.0	1.386268	134	134
38.0	1.386268	151	151
39.0	1.386268	154	154
40.0	1.386268	122	122
41.0	1.386268	83	83
42.0	1.386268	108	108
43.0	1.386268	105	105
44.0	1.386268	71	71
45.0	1.386268	85	85
46.0	1.386268	63	63
47.0	1.386268	56	56
48.0	1.386268	48	48
49.0	1.386268	46	46
50.0	1.386268	48	48
51.0	1.386268	48	48
52.0	1.386268	53	53
53.0	1.386268	50	50
54.0	1.386268	45	45
55.0	1.386268	28	28
56.0	1.386268	31	31
57.0	1.386268	30	30
58.0	1.386268	21	21
59.0	1.386268	20	20
60.0	1.386268	20	20
61.0	1.386268	29	29
62.0	1.386268	18	18
63.0	1.386268	19	19
64.0	1.386268	11	11
65.0	1.386268	18	18
66.0	1.386268	18	18
67.0	1.386268	20	20
68.0	1.386268	7	7
69.0	1.386268	8	8
70.0	1.386268	7	7
71.0	1.386268	5	5
72.0	1.386268	1	1
73.0	1.386268	7	7
74.0	1.386268	7	7
75.0	1.386268	5	5
76.0	1.386268	6	6
77.0	1.386268	3	3
78.0	1.386268	9	9
79.0	1.386268	2	2
80.0	1.386268	2	2
81.0	1.386268	7	7
82.0	1.386268	3	3
83.0	1.386268	2	2
84.0	1.386268	3	3
85.0	1.386268	3	3
86.0	1.386268	2	2
87.0	1.386268	2	2
88.0	1.386268	1	1
89.0	1.386268	0	0
90.0	1.386268	3	3
91.0	1.386268	1	1
92.0	1.386268	1	1
93.0	1.386268	1	1
94.0	1.386268	2	2
95.0	1.386268	2	2
96.0	1.386268	2	2
97.0	1.386268	1	1
98.0	1.386268	2	2
99.0	1.386268	2	2
100.0	1.386268	1	1
101.0	0	3	3
103.0	0	2	2
104.0	0	4	4
105.0	0	1	1
106.0	0	1	1
109.0	0	1	1
110.0	0	1	1
113.0	0	2	2
115.0	0	2	2
117.0	0	1	1
122.0	0	3	3
124.0	0	1	1
125.0	0	1	1
126.0	0	1	1
127.0	0	2	2
129.0	0	2	2
135.0	0	2	2
136.0	0	1	1
137.0	0	1	1
140.0	0	1	1
141.0	0	1	1
142.0	0	1	1
150.0	0	1	1
155.0	0	2	2
156.0	0	1	1
166.0	0	1	1
168.0	0	1	1
170.0	0	1	1
174.0	0	1	1
188.0	0	1	1
193.0	0	1	1
196.0	0	2	2
199.0	0	1	1
203.0	0	2	2
208.0	0	1	1
211.0	0	1	1
218.0	0	1	1
219.0	0	1	1
223.0	0	1	1
230.0	0	1	1
232.0	0	1	1
242.0	0	1	1
243.0	0	1	1
245.0	0	2	2
247.0	0	1	1
248.0	0	1	1
252.0	0	1	1
256.0	0	1	1
257.0	0	1	1
261.0	0	1	1
269.0	0	1	1
270.0	0	1	1
289.0	0	1	1
291.0	0	1	1
295.0	0	1	1
296.0	0	1	1
306.0	0	1	1
308.0	0	1	1
311.0	0	2	2
314.0	0	1	1
315.0	0	1	1
317.0	0	1	1
318.0	0	1	1
325.0	0	1	1
328.0	0	1	1
332.0	0	1	1
336.0	0	1	1
337.0	0	1	1
339.0	0	1	1
340.0	0	1	1
344.0	0	1	1
345.0	0	1	1
348.0	0	1	1
351.0	0	1	1
352.0	0	1	1
354.0	0	1	1
355.0	0	1	1
357.0	0	1	1
362.0	0	1	1
367.0	0	1	1
368.0	0	2	2
371.0	0	1	1
377.0	0	1	1
378.0	0	2	2
382.0	0	1	1
386.0	0	1	1
388.0	0	1	1
389.0	0	1	1
391.0	0	1	1
413.0	0	1	1
415.0	0	1	1
416.0	0	1	1
417.0	0	1	1
418.0	0	1	1
419.0	0	1	1
422.0	0	1	1
424.0	0	1	1
443.0	0	1	1
464.0	0	1	1
472.0	0	1	1
502.0	0	1	1
505.0	0	1	1
527.0	0	1	1
542.0	0	1	1
571.0	0	1	1
643.0	0	1	1
645.0	0	1	1
657.0	0	1	1
659.0	0	1	1
682.0	0	1	1
718.0	0	1	1
722.0	0	1	1
732.0	0	1	1
740.0	0	1	1
759.0	0	1	1
785.0	0	1	1
791.0	0	1	1
793.0	0	1	1
799.0	0	1	1
819.0	0	1	1
825.0	0	1	1
883.0	0	1	1
965.0	0	1	1
985.0	0	1	1
1022.0	0	1	1
1054.0	0	1	1
1075.0	0	1	1
1098.0	0	1	1
1106.0	0	1	1
1172.0	0	1	1
1340.0	0	1	1
1360.0	0	1	1
1401.0	0	1	1
1409.0	0	1	1
1417.0	0	1	1
1460.0	0	1	1
1462.0	0	1	1
1579.0	0	1	1
1634.0	0	1	1
1638.0	0	1	1
1919.0	0	1	1
2024.0	0	1	1
2063.0	0	1	1
2116.0	0	1	1
2184.0	0	1	1
2202.0	0	1	1
2346.0	0	1	1
2411.0	0	1	1
2506.0	0	1	1
2556.0	0	1	1
2639.0	0	1	1
2680.0	0	1	1
2960.0	0	1	1
2987.0	0	1	1
3025.0	0	1	1
3152.0	0	1	1
3577.0	0	1	1
3772.0	0	1	1
3947.0	0	1	1
4111.0	0	1	1
4893.0	0	1	1
4933.0	0	1	1
5006.0	0	1	1
5260.0	0	1	1
5477.0	0	1	1
5512.0	0	1	1
5712.0	0	1	1
7777.0	0	1	1
11353.0	0	1	1
394120.0	0	1	1

