Sample	CATEGORY	TOTAL_READS	PF_READS	PCT_PF_READS	PF_NOISE_READS	PF_READS_ALIGNED	PCT_PF_READS_ALIGNED	PF_ALIGNED_BASES	PF_HQ_ALIGNED_READS	PF_HQ_ALIGNED_BASES	PF_HQ_ALIGNED_Q20_BASES	PF_HQ_MEDIAN_MISMATCHES	PF_MISMATCH_RATE	PF_HQ_ERROR_RATE	PF_INDEL_RATE	MEAN_READ_LENGTH	SD_READ_LENGTH	MEDIAN_READ_LENGTH	MAD_READ_LENGTH	MIN_READ_LENGTH	MAX_READ_LENGTH	MEAN_ALIGNED_READ_LENGTH	READS_ALIGNED_IN_PAIRS	PCT_READS_ALIGNED_IN_PAIRS	PF_READS_IMPROPER_PAIRS	PCT_PF_READS_IMPROPER_PAIRS	BAD_CYCLES	STRAND_BALANCE	PCT_CHIMERAS	PCT_ADAPTER	PCT_SOFTCLIP	PCT_HARDCLIP	AVG_POS_3PRIME_SOFTCLIP_LENGTH	SAMPLE	LIBRARY	READ_GROUP
SRR11352506	PAIR	239754882.0	239754882.0	1.0	0.0	239027983.0	0.996968	35056916965.0	232213449.0	34308796218.0	33763754882.0	0.0	0.002836	0.002711	0.000225	148.440807	13.777303	151.0	0.0	36.0	151.0	146.259684	238672026.0	0.998511	4919283.0	0.02058	0.0	0.504173	0.018789	0.000176	0.01226	0.0	11.088732			
SRR11352507	PAIR	242035600.0	242035600.0	1.0	0.0	241449124.0	0.997577	35515272113.0	236425736.0	34942657556.0	34380432218.0	0.0	0.002682	0.002599	0.000241	148.463611	13.644406	151.0	0.0	36.0	151.0	146.778184	241183608.0	0.9989	3312008.0	0.013717	0.0	0.501722	0.011122	9.7e-05	0.009494	0.0	10.513798			
SRR11352508	PAIR	179841928.0	179841928.0	1.0	0.0	179375718.0	0.997408	26348382522.0	174984966.0	25851682687.0	25431018874.0	0.0	0.002847	0.002746	0.00025	148.386274	13.855883	151.0	0.0	36.0	151.0	146.552009	179159476.0	0.998794	3683350.0	0.020534	0.0	0.502594	0.012367	7.3e-05	0.010328	0.0	10.288392			
SRR11352509	PAIR	199589322.0	199589322.0	1.0	0.0	199037160.0	0.997234	29209986883.0	194329032.0	28683421394.0	28171589550.0	0.0	0.003025	0.002925	0.000237	148.305099	14.06193	151.0	0.0	36.0	151.0	146.3931	198767164.0	0.998643	3969096.0	0.019941	0.0	0.50242	0.012626	0.000119	0.010822	0.0	10.764876			
SRR11352510	PAIR	183168432.0	183168432.0	1.0	0.0	182341209.0	0.995484	26541084546.0	176529389.0	25888768033.0	25430921192.0	0.0	0.003164	0.003009	0.000264	147.958789	15.003057	151.0	0.0	36.0	151.0	144.944471	181851628.0	0.997315	5733523.0	0.031444	0.0	0.503821	0.030315	0.00108	0.017228	0.0	13.662215			
SRR11352511	PAIR	221761088.0	221761088.0	1.0	0.0	219953430.0	0.991849	31915637085.0	213123628.0	31169974260.0	30649392560.0	0.0	0.003056	0.002891	0.000273	147.494538	16.339179	151.0	0.0	36.0	151.0	143.967807	218626976.0	0.993969	6265096.0	0.028484	0.0	0.502845	0.035013	0.003972	0.019145	0.0	15.998695			
SRR11352512	PAIR	187441250.0	187441250.0	1.0	0.0	186412831.0	0.994513	27414664538.0	182443839.0	26973044644.0	26526338728.0	0.0	0.002899	0.00279	0.000237	148.114125	14.720925	151.0	0.0	36.0	151.0	146.298952	185679312.0	0.996065	3726373.0	0.01999	0.0	0.502028	0.008207	0.002513	0.008957	0.0	10.33535			
SRR11352513	PAIR	173085864.0	173085864.0	1.0	0.0	172786878.0	0.998273	25488244692.0	169732255.0	25132149937.0	24731414544.0	0.0	0.002632	0.002565	0.000218	148.692862	13.00935	151.0	0.0	36.0	151.0	147.29758	172643070.0	0.999168	2518036.0	0.014573	0.0	0.501082	0.007069	4.5e-05	0.008153	0.0	9.497285			
SRR11352514	PAIR	180145992.0	180145992.0	1.0	0.0	179741341.0	0.997754	26426136296.0	175695343.0	25963503226.0	25553632285.0	0.0	0.002854	0.002776	0.00025	148.513674	13.534751	151.0	0.0	36.0	151.0	146.738494	179548728.0	0.998928	3697403.0	0.020571	0.0	0.501727	0.009851	7.7e-05	0.010286	0.0	9.766766			
SRR11352515	PAIR	244134536.0	244134536.0	1.0	0.0	243639026.0	0.99797	35931383812.0	238861134.0	35385527655.0	34841054183.0	0.0	0.00258	0.0025	0.000226	148.702445	12.973338	151.0	0.0	36.0	151.0	147.218835	243399416.0	0.999017	3729018.0	0.015306	0.0	0.50142	0.00817	6.8e-05	0.008433	0.0	9.893973			
SRR11352516	PAIR	87885026.0	87885026.0	1.0	0.0	87765323.0	0.998638	12892166037.0	85901118.0	12701253869.0	12511032831.0	0.0	0.002539	0.002413	0.000188	148.735249	12.959381	151.0	0.0	36.0	151.0	146.725811	87645620.0	0.998636	2145996.0	0.024452	0.0	0.505228	0.023486	0.000269	0.012617	0.0	11.467288			
SRR11352517	PAIR	169919390.0	169919390.0	1.0	0.0	169485369.0	0.997446	24849501950.0	164814563.0	24321176308.0	23928753452.0	0.0	0.002764	0.002647	0.000228	148.50832	13.548362	151.0	0.0	36.0	151.0	146.282903	169274748.0	0.998757	4225437.0	0.024931	0.0	0.503473	0.021413	0.000117	0.012997	0.0	11.91252			
SRR11352518	PAIR	197987706.0	197987706.0	1.0	0.0	197756979.0	0.998835	29189757487.0	192554317.0	28496064977.0	28040856441.0	0.0	0.003002	0.002888	0.00028	148.976492	12.044189	151.0	0.0	36.0	151.0	147.479642	197634914.0	0.999383	2573749.0	0.013015	0.0	0.500559	0.01796	1.9e-05	0.009249	0.0	13.644954			
SRR11352520	PAIR	207926290.0	207926290.0	1.0	0.0	207056116.0	0.995815	30195317881.0	199870012.0	29447590218.0	28985314407.0	0.0	0.002933	0.002762	0.000231	148.142072	14.647179	151.0	0.0	36.0	151.0	145.262347	206615874.0	0.997874	6324502.0	0.030545	0.0	0.505818	0.025814	0.000277	0.016003	0.0	11.774713			
SRR11352521	PAIR	204436928.0	204436928.0	1.0	0.0	203592373.0	0.995869	29641442815.0	196630993.0	28906939344.0	28423191383.0	0.0	0.003058	0.002903	0.00026	148.008703	14.862287	151.0	0.0	36.0	151.0	145.037879	203180554.0	0.997977	7236033.0	0.035542	0.0	0.504673	0.029242	0.000163	0.016718	0.0	13.80582			
SRR11352522	PAIR	186669260.0	186669260.0	1.0	0.0	186223775.0	0.997614	27331702254.0	181254720.0	26780758496.0	26365125209.0	0.0	0.002806	0.002702	0.00024	148.398253	13.899865	151.0	0.0	36.0	151.0	146.45862	185993708.0	0.998765	4430027.0	0.023789	0.0	0.504191	0.016399	0.000145	0.011256	0.0	9.949927			
SRR11352523	PAIR	189118766.0	189118766.0	1.0	0.0	188738364.0	0.997989	27861681568.0	185446656.0	27492505418.0	27092275128.0	0.0	0.00252	0.002442	0.000194	148.886376	12.504182	151.0	0.0	36.0	151.0	147.356154	188556170.0	0.999035	3034594.0	0.016078	0.0	0.502169	0.010507	7.3e-05	0.008691	0.0	8.989142			
SRR11352524	PAIR	182456174.0	182456174.0	1.0	0.0	181477418.0	0.994636	26496630118.0	176590044.0	25934629062.0	25524092044.0	0.0	0.00289	0.002755	0.000247	148.070136	14.834983	151.0	0.0	36.0	151.0	145.264633	180772310.0	0.996115	4269488.0	0.023526	0.0	0.501741	0.028094	0.002381	0.015765	0.0	14.818094			
SRR11352525	PAIR	189528212.0	189528212.0	1.0	0.0	189024298.0	0.997341	27684102878.0	183600923.0	27066827768.0	26638176202.0	0.0	0.002978	0.002859	0.00026	148.336003	14.008502	151.0	0.0	36.0	151.0	146.114793	188785664.0	0.998738	4038112.0	0.021363	0.0	0.502252	0.015845	5.2e-05	0.012919	0.0	11.568472			
SRR11352526	PAIR	198367054.0	198367054.0	1.0	0.0	197860314.0	0.997445	28971616631.0	192637926.0	28374614107.0	27912379830.0	0.0	0.002878	0.002776	0.000246	148.376323	13.870916	151.0	0.0	36.0	151.0	146.095868	197618002.0	0.998775	4788032.0	0.024199	0.0	0.502007	0.019276	7e-05	0.013456	0.0	12.526688			
SRR11352527	PAIR	160289402.0	160289402.0	1.0	0.0	159036812.0	0.992185	23346172930.0	154838015.0	22883974506.0	22515115700.0	0.0	0.002912	0.002752	0.00025	147.879816	15.427112	151.0	0.0	36.0	151.0	145.694091	158115820.0	0.994209	4039160.0	0.025398	0.0	0.502488	0.010465	0.003878	0.010109	0.0	11.183628			
SRR11352528	PAIR	187218404.0	187218404.0	1.0	0.0	186554774.0	0.996455	27019129500.0	179802943.0	26252490522.0	25755780282.0	0.0	0.003248	0.003103	0.000264	147.970141	14.886423	151.0	0.0	36.0	151.0	144.364024	186210090.0	0.998152	6509410.0	0.034893	0.0	0.503141	0.038221	0.000243	0.021782	0.0	16.086435			
SRR11352529	PAIR	139227694.0	139227694.0	1.0	0.0	138379319.0	0.993907	20126021040.0	131757194.0	19432967872.0	19127497643.0	0.0	0.002949	0.002703	0.000249	148.088249	14.759481	151.0	0.0	36.0	151.0	144.595032	137964896.0	0.997005	5697379.0	0.041172	0.0	0.507734	0.035993	0.000229	0.018136	0.0	13.81348			
SRR11352530	PAIR	144464230.0	144464230.0	1.0	0.0	143527722.0	0.993517	20811652588.0	136790683.0	20135177628.0	19811599420.0	0.0	0.002947	0.002687	0.000247	147.913013	15.198499	151.0	0.0	36.0	151.0	144.104109	143095002.0	0.996985	5884874.0	0.041002	0.0	0.510379	0.042632	0.000318	0.019968	0.0	14.006954			
SRR11352531	PAIR	179382526.0	179382526.0	1.0	0.0	178756756.0	0.996512	26154956302.0	172766852.0	25497597047.0	25093682855.0	0.0	0.002937	0.002799	0.000252	148.299901	14.136977	151.0	0.0	36.0	151.0	145.85036	178455854.0	0.998317	5655232.0	0.031636	0.0	0.504909	0.020388	0.000158	0.013687	0.0	11.279535			
SRR11352532	PAIR	199109924.0	199109924.0	1.0	0.0	198324801.0	0.996057	28914833322.0	190915887.0	28085828080.0	27638543283.0	0.0	0.003001	0.002843	0.000283	148.085075	14.683963	151.0	0.0	36.0	151.0	145.271218	197942702.0	0.998073	5958505.0	0.030044	0.0	0.503947	0.024369	0.000264	0.015852	0.0	12.872242			
SRR11392157	PAIR	173169690.0	173169690.0	1.0	0.0	172697318.0	0.997272	25487497364.0	169835379.0	25153584868.0	24770724930.0	0.0	0.002548	0.002479	0.000231	148.576054	13.387353	151.0	0.0	36.0	151.0	147.222921	172394432.0	0.998246	1743068.0	0.010093	0.0	0.50082	0.006493	0.000861	0.007386	0.0	9.979969			
SRR11392158	PAIR	150285448.0	150285448.0	1.0	0.0	149883862.0	0.997328	22069494866.0	146608130.0	21708398951.0	21376901606.0	0.0	0.002608	0.002515	0.000235	148.557339	13.393197	151.0	0.0	36.0	151.0	146.893197	149681594.0	0.998651	3628006.0	0.024205	0.0	0.502271	0.011474	9.2e-05	0.009052	0.0	10.441562			
SRR11392159	PAIR	179099360.0	179099360.0	1.0	0.0	178396201.0	0.996074	26143502063.0	173035796.0	25568552495.0	25152364387.0	0.0	0.00282	0.00268	0.000255	148.162387	14.458537	151.0	0.0	36.0	151.0	146.017033	178060548.0	0.998118	3877203.0	0.021734	0.0	0.504567	0.018536	0.00017	0.011177	0.0	12.092209			
SRR11392160	PAIR	188297438.0	188297438.0	1.0	0.0	187459494.0	0.99555	27443769431.0	181493883.0	26818015437.0	26373542759.0	0.0	0.002844	0.00269	0.000236	148.164723	14.505974	151.0	0.0	36.0	151.0	145.787464	187063672.0	0.997888	4728590.0	0.025225	0.0	0.505489	0.020058	0.000218	0.012253	0.0	11.054605			
SRR11392161	PAIR	215790698.0	215790698.0	1.0	0.0	215278111.0	0.997625	31691730194.0	210723210.0	31176365677.0	30673900683.0	0.0	0.002711	0.002626	0.000231	148.513181	13.515308	151.0	0.0	36.0	151.0	146.904993	215028934.0	0.998843	4038185.0	0.018758	0.0	0.502083	0.009776	0.000111	0.009023	0.0	10.170833			
SRR11392162	PAIR	196680214.0	196680214.0	1.0	0.0	196296125.0	0.998047	28932292269.0	192312435.0	28462577768.0	28012316590.0	0.0	0.002674	0.002596	0.000232	148.611029	13.231274	151.0	0.0	36.0	151.0	147.144102	196114142.0	0.999073	2599837.0	0.013244	0.0	0.50116	0.007462	5e-05	0.008421	0.0	10.019023			
SRR11392163	PAIR	94055498.0	94055498.0	1.0	0.0	93947867.0	0.998856	13853713546.0	92518571.0	13703048673.0	13484329007.0	0.0	0.002563	0.002495	0.000207	148.672904	13.068371	151.0	0.0	36.0	151.0	147.329746	93840236.0	0.998854	1793040.0	0.019085	0.0	0.502628	0.009996	0.000263	0.008377	0.0	9.83755			
SRR11392164	PAIR	176518566.0	176518566.0	1.0	0.0	175401016.0	0.993669	25667412691.0	169970921.0	25089845803.0	24650464458.0	0.0	0.002976	0.002813	0.000247	147.838251	15.38528	151.0	0.0	36.0	151.0	145.453358	174680462.0	0.995892	4040216.0	0.023034	0.0	0.504877	0.018044	0.002082	0.011716	0.0	11.860328			
SRR11392165	PAIR	30219347.0	30219347.0	1.0	0.0	29819515.0	0.986769	4382607909.0	29010403.0	4287940212.0	4216425851.0	0.0	0.002939	0.00275	0.000237	147.101344	17.642765	151.0	0.0	36.0	151.0	145.068367	29419683.0	0.986592	824281.0	0.027642	0.0	0.507145	0.008978	0.011461	0.008703	0.0	10.294451			
SRR11392167	PAIR	183067920.0	183067920.0	1.0	0.0	182464014.0	0.996701	26773235737.0	177811692.0	26277113234.0	25866348757.0	0.0	0.002687	0.002574	0.000244	148.288025	14.17768	151.0	0.0	36.0	151.0	146.291419	182179592.0	0.998441	3097854.0	0.016978	0.0	0.503188	0.014445	0.000104	0.01076	0.0	10.957593			
SRR11392168	PAIR	203412224.0	203412224.0	1.0	0.0	202960605.0	0.99778	29867108556.0	198557533.0	29359071059.0	28895946634.0	0.0	0.002664	0.00258	0.000251	148.448627	13.687728	151.0	0.0	36.0	151.0	146.874091	202749584.0	0.99896	2296745.0	0.011316	0.0	0.501727	0.009269	5.6e-05	0.008931	0.0	10.523983			
SRR11392169	PAIR	184572720.0	184572720.0	1.0	0.0	184125058.0	0.997575	27086914457.0	179956201.0	26612116855.0	26175121638.0	0.0	0.002908	0.002818	0.000258	148.482574	13.599679	151.0	0.0	36.0	151.0	146.80196	183911604.0	0.998841	2617722.0	0.014217	0.0	0.501908	0.010523	9.7e-05	0.00945	0.0	10.411718			
SRR11392170	PAIR	215174004.0	215174004.0	1.0	0.0	214460015.0	0.996682	31612743476.0	210863615.0	31192868146.0	30673226095.0	0.0	0.002761	0.002684	0.000235	148.378101	13.963314	151.0	0.0	36.0	151.0	146.9583	213970886.0	0.997719	2497273.0	0.011644	0.0	0.500813	0.005348	0.001273	0.007627	0.0	9.877174			
SRR11392171	PAIR	181379990.0	181379990.0	1.0	0.0	180754065.0	0.996549	26606712561.0	176437209.0	26147592750.0	25737715072.0	0.0	0.00258	0.002462	0.000224	148.591978	13.320048	151.0	0.0	36.0	151.0	146.728956	180469288.0	0.998425	3730407.0	0.020638	0.0	0.503733	0.015381	0.000103	0.009568	0.0	10.474627			
SRR11392172	PAIR	131775580.0	131775580.0	1.0	0.0	131542472.0	0.998231	19403525879.0	129279226.0	19138412231.0	18829682807.0	0.0	0.002638	0.002573	0.000223	148.639956	13.140013	151.0	0.0	36.0	151.0	147.286761	131433792.0	0.999174	1294498.0	0.009841	0.0	0.500884	0.006302	2.5e-05	0.007808	0.0	9.737279			
SRR11392173	PAIR	173243942.0	173243942.0	1.0	0.0	172614601.0	0.996367	25422997457.0	169085206.0	25016258526.0	24607927456.0	0.0	0.002753	0.002665	0.00024	148.375414	13.954464	151.0	0.0	36.0	151.0	146.789071	172201310.0	0.997606	2133071.0	0.012357	0.0	0.501421	0.008086	0.001252	0.008367	0.0	10.227089			
SRR11392174	PAIR	179064842.0	179064842.0	1.0	0.0	178604303.0	0.997428	26261777495.0	174633334.0	25826572038.0	25429267375.0	0.0	0.002678	0.002579	0.000235	148.474578	13.636414	151.0	0.0	36.0	151.0	146.702934	178386876.0	0.998783	3673491.0	0.020568	0.0	0.502674	0.01241	8.1e-05	0.009903	0.0	10.266091			
SRR11392175	PAIR	188299806.0	188299806.0	1.0	0.0	187278830.0	0.994578	27576583440.0	183120503.0	27104718630.0	26650940317.0	0.0	0.002649	0.002531	0.000219	148.241443	14.377469	151.0	0.0	36.0	151.0	146.487187	186537936.0	0.996044	3910976.0	0.020883	0.0	0.502974	0.011807	0.002563	0.008515	0.0	10.076839			
SRR11392177	PAIR	269244194.0	269244194.0	1.0	0.0	268353828.0	0.996693	39507787740.0	262643548.0	38849088901.0	38207629108.0	0.0	0.002748	0.002655	0.00023	148.420926	13.80477	151.0	0.0	36.0	151.0	146.778198	267805426.0	0.997956	4389424.0	0.016357	0.0	0.50171	0.009627	0.00091	0.008859	0.0	10.404578			
SRR11392178	PAIR	148753924.0	148753924.0	1.0	0.0	146616197.0	0.985629	21103467025.0	136333613.0	20092589882.0	19759261960.0	0.0	0.003252	0.002855	0.00028	146.905606	17.713266	151.0	0.0	36.0	151.0	141.917882	145347080.0	0.991344	8671941.0	0.059147	0.0	0.517837	0.049892	0.004166	0.022783	0.0	14.099118			
SRR11392179	PAIR	164709396.0	164709396.0	1.0	0.0	164384858.0	0.99803	24234304951.0	161291966.0	23876054861.0	23489471179.0	0.0	0.002589	0.002516	0.000213	148.621669	13.193051	151.0	0.0	36.0	151.0	147.171711	164231422.0	0.999067	2018876.0	0.012281	0.0	0.501294	0.007959	5.8e-05	0.008302	0.0	10.235493			
SRR11392180	PAIR	119069528.0	119069528.0	1.0	0.0	118802597.0	0.997758	17494785091.0	116354504.0	17214065589.0	16930133447.0	0.0	0.002674	0.002588	0.000239	148.484943	13.54933	151.0	0.0	36.0	151.0	146.971988	118669734.0	0.998882	1938885.0	0.01632	0.0	0.50181	0.009942	0.000156	0.008522	0.0	10.475733			
SRR11392181	PAIR	98175276.0	98175276.0	1.0	0.0	97999691.0	0.998212	14482539167.0	96347587.0	14290669743.0	14078310121.0	0.0	0.00248	0.002409	0.000221	148.859228	12.491082	151.0	0.0	36.0	151.0	147.556743	97918326.0	0.99917	807971.0	0.008245	0.0	0.501201	0.006808	3.6e-05	0.007361	0.0	10.129118			
SRR11392182	PAIR	259154138.0	259154138.0	1.0	0.0	258494177.0	0.997453	37998637650.0	252504134.0	37315831101.0	36667435995.0	0.0	0.002893	0.002798	0.000238	148.388781	13.852693	151.0	0.0	36.0	151.0	146.667718	258171354.0	0.998751	3834165.0	0.014833	0.0	0.502579	0.010802	0.000142	0.009671	0.0	10.121974			
