Sample	raw_total_sequences	filtered_sequences	sequences	is_sorted	1st_fragments	last_fragments	reads_mapped	reads_mapped_and_paired	reads_unmapped	reads_properly_paired	reads_paired	reads_duplicated	reads_MQ0	reads_QC_failed	non-primary_alignments	supplementary_alignments	total_length	total_first_fragment_length	total_last_fragment_length	bases_mapped	bases_mapped_(cigar)	bases_trimmed	bases_duplicated	mismatches	error_rate	average_length	average_first_fragment_length	average_last_fragment_length	maximum_length	maximum_first_fragment_length	maximum_last_fragment_length	average_quality	insert_size_average	insert_size_standard_deviation	inward_oriented_pairs	outward_oriented_pairs	pairs_with_other_orientation	pairs_on_different_chromosomes	percentage_of_properly_paired_reads_(%)	reads_mapped_percent	reads_mapped_and_paired_percent	reads_unmapped_percent	reads_properly_paired_percent	reads_paired_percent	reads_duplicated_percent	reads_MQ0_percent	reads_QC_failed_percent
SRR11352506	239754882.0	0.0	239754882.0	1.0	119877441.0	119877441.0	239027983.0	238672026.0	726899.0	234108700.0	239754882.0	94602820.0	4773349.0	0.0	0.0	1324772.0	35589408208.0	17792062236.0	17797345972.0	35502789621.0	35136233867.0	0.0	14008415368.0	121775383.0	0.003465806	148.0	148.0	148.0	151.0	151.0	151.0	36.1	203.2	54.8	109364325.0	8205947.0	911983.0	853758.0	97.6	99.69681576702993	99.54834871725366	0.3031842329700715	97.64501896566176	100.0	39.458141252781665	1.9909288020253952	0.0
SRR11352507	242035600.0	0.0	242035600.0	1.0	121017800.0	121017800.0	241449124.0	241183608.0	586476.0	238137116.0	242035600.0	83074981.0	3774692.0	0.0	0.0	968611.0	35933479090.0	17979827538.0	17953651552.0	35866686960.0	35575505527.0	0.0	12306230624.0	119711364.0	0.003364994	148.0	149.0	148.0	151.0	151.0	151.0	36.1	205.6	55.0	111867636.0	7717787.0	357497.0	648884.0	98.4	99.75769019102975	99.6479889735229	0.24230980897025065	98.3892931453059	100.0	34.32345530988003	1.5595606596715523	0.0
SRR11352508	179841928.0	0.0	179841928.0	1.0	89920964.0	89920964.0	179375718.0	179159476.0	466210.0	175692368.0	179841928.0	68943543.0	3212592.0	0.0	0.0	605237.0	26686073534.0	13352555305.0	13333518229.0	26631817563.0	26386582243.0	0.0	10213216029.0	93763610.0	0.003553458	148.0	148.0	148.0	151.0	151.0	151.0	36.1	203.8	56.5	82476535.0	6214076.0	414586.0	474541.0	97.7	99.74076679160156	99.620526755029	0.2592332083984331	97.69266263649043	100.0	38.335633835064314	1.7863420592332617	0.0
SRR11352509	199589322.0	0.0	199589322.0	1.0	99794661.0	99794661.0	199037160.0	198767164.0	552162.0	195068064.0	199589322.0	75316845.0	3427126.0	0.0	0.0	752745.0	29600114234.0	14818940266.0	14781173968.0	29538818980.0	29257264663.0	0.0	11145222942.0	108273886.0	0.003700752	148.0	148.0	148.0	151.0	151.0	151.0	36.0	205.4	57.7	91518221.0	6877231.0	441324.0	546806.0	97.7	99.72335093156937	99.58807515764796	0.27664906843062476	97.7347194956652	100.0	37.735909038260075	1.7170888530800261	0.0
SRR11352510	183168432.0	0.0	183168432.0	1.0	91584216.0	91584216.0	182341209.0	181851628.0	827223.0	176607686.0	183168432.0	79594837.0	4203548.0	0.0	0.0	2873843.0	27101379359.0	13553071925.0	13548307434.0	27016166870.0	26704231125.0	0.0	11769200978.0	105362618.0	0.00394554	148.0	148.0	148.0	151.0	151.0	151.0	36.0	201.6	57.3	82508935.0	6650822.0	608374.0	1157683.0	96.4	99.5483812407151	99.28109664660994	0.4516187592848968	96.41818957100642	100.0	43.454451256098544	2.2949085462499346	0.0
SRR11352511	221761088.0	0.0	221761088.0	1.0	110880544.0	110880544.0	219953430.0	218626976.0	1807658.0	213688334.0	221761088.0	130117027.0	5298807.0	0.0	0.0	4976252.0	32708549249.0	16313712885.0	16394836364.0	32552671643.0	32195203527.0	0.0	19236178204.0	124555600.0	0.003868763	147.0	147.0	148.0	151.0	151.0	151.0	36.0	204.7	55.2	99782425.0	7377520.0	284745.0	1868798.0	96.4	99.18486240471547	98.58671689056648	0.8151375952845253	96.35970671283863	100.0	58.67441766880221	2.38942144800444	0.0
SRR11352512	187441250.0	0.0	187441250.0	1.0	93720625.0	93720625.0	186412831.0	185679312.0	1028419.0	182686458.0	187441250.0	63475950.0	3117770.0	0.0	0.0	466290.0	27762696823.0	13864784284.0	13897912539.0	27671136871.0	27445066728.0	0.0	9388795825.0	97710001.0	0.003560203	148.0	148.0	148.0	151.0	151.0	151.0	36.0	208.4	59.5	86278370.0	5964343.0	128536.0	468407.0	97.5	99.45133795255848	99.06000520162983	0.5486620474415317	97.46331610571313	100.0	33.864450861269866	1.6633318439777798	0.0
SRR11352513	173085864.0	0.0	173085864.0	1.0	86542932.0	86542932.0	172786878.0	172643070.0	298986.0	170268842.0	173085864.0	32301638.0	2358619.0	0.0	0.0	394620.0	25736632465.0	12873175418.0	12863457047.0	25704958284.0	25514142712.0	0.0	4785463665.0	82850275.0	0.003247229	149.0	149.0	149.0	151.0	151.0	151.0	36.1	202.4	53.7	79777143.0	6083124.0	162150.0	299118.0	98.4	99.82726145677616	99.74417668215817	0.17273854322384177	98.37247136484815	100.0	18.662204557617716	1.3626872498380342	0.0
SRR11352514	180145992.0	0.0	180145992.0	1.0	90072996.0	90072996.0	179741341.0	179548728.0	404651.0	176043938.0	180145992.0	51399135.0	3052754.0	0.0	0.0	553654.0	26754143111.0	13375588271.0	13378554840.0	26709543769.0	26460717264.0	0.0	7610439350.0	94215513.0	0.003560581	149.0	148.0	149.0	151.0	151.0	151.0	36.1	194.7	49.5	81701186.0	7399241.0	281078.0	392859.0	97.7	99.7753760738679	99.66845557130131	0.22462392613208956	97.7229279683336	100.0	28.53193369964068	1.694600010862301	0.0
SRR11352515	244134536.0	0.0	244134536.0	1.0	122067268.0	122067268.0	243639026.0	243399416.0	495510.0	239910008.0	244134536.0	75375754.0	3633730.0	0.0	0.0	536086.0	36303402353.0	18145898348.0	18157504005.0	36247339447.0	35967214918.0	0.0	11178233956.0	115802296.0	0.003219663	149.0	149.0	149.0	151.0	151.0	151.0	36.1	204.4	54.6	112805792.0	8096461.0	296605.0	500850.0	98.3	99.7970340419186	99.69888733808641	0.20296595808140805	98.2695901738376	100.0	30.874678869686832	1.4884129298281665	0.0
SRR11352516	87885026.0	0.0	87885026.0	1.0	43951878.0	43933148.0	87765323.0	87645620.0	119703.0	85619327.0	87885026.0	26241394.0	1103788.0	0.0	0.0	745184.0	13071601207.0	6536992287.0	6534608920.0	13059925000.0	12935276455.0	0.0	3890440516.0	39578753.0	0.003059753	149.0	149.0	149.0	151.0	151.0	151.0	36.1	206.4	57.6	40321432.0	2742835.0	423011.0	335512.0	97.4	99.8637959098971	99.7275918197942	0.13620409010290332	97.42197379562703	100.0	29.85877707995444	1.255945466751071	0.0
SRR11352517	169919390.0	0.0	169919390.0	1.0	84959695.0	84959695.0	169485369.0	169274748.0	434021.0	165259932.0	169919390.0	85228555.0	3323441.0	0.0	0.0	1559532.0	25234443224.0	12608411039.0	12626032185.0	25184281479.0	24939995762.0	0.0	12638643128.0	85695042.0	0.003436049	149.0	148.0	149.0	151.0	151.0	151.0	36.1	205.5	57.6	77459790.0	5920562.0	551981.0	705041.0	97.3	99.74457241165943	99.62061892995261	0.2554275883405655	97.2578420861798	100.0	50.158227969156435	1.95589273243036	0.0
SRR11352518	197987706.0	0.0	197987706.0	1.0	98993853.0	98993853.0	197756979.0	197634914.0	230727.0	195183230.0	197987706.0	87127136.0	4243718.0	0.0	0.0	2192653.0	29495513932.0	14751008618.0	14744505314.0	29471956423.0	29319470776.0	0.0	12957478076.0	111012345.0	0.003786301	149.0	149.0	149.0	151.0	151.0	151.0	36.1	217.9	54.9	93839712.0	3917811.0	146736.0	913198.0	98.6	99.88346397629357	99.82181115831506	0.11653602370644166	98.58351002864794	100.0	44.006336433838975	2.1434250063991347	0.0
SRR11352519	130033352.0	0.0	130033352.0	1.0	65016676.0	65016676.0	129623738.0	129407456.0	409614.0	127554542.0	130033352.0	45167115.0	2241111.0	0.0	0.0	483150.0	19292259992.0	9642953569.0	9649306423.0	19246919446.0	19067236621.0	0.0	6687074411.0	65129955.0	0.003415805	148.0	148.0	148.0	151.0	151.0	151.0	36.1	200.6	51.4	59343692.0	4655301.0	260649.0	444086.0	98.1	99.68499312391793	99.5186650268002	0.3150068760820685	98.09371214240483	100.0	34.73502321158344	1.7234893706346968	0.0
SRR11352520	207926290.0	0.0	207926290.0	1.0	103963145.0	103963145.0	207056116.0	206615874.0	870174.0	200731614.0	207926290.0	81901676.0	4837264.0	0.0	0.0	1507939.0	30802631378.0	15393832925.0	15408798453.0	30696781963.0	30283146759.0	0.0	12102427471.0	108836433.0	0.00359396	148.0	148.0	148.0	151.0	151.0	151.0	36.1	194.9	51.1	92955920.0	8235939.0	1090069.0	1026009.0	96.5	99.58149880902506	99.3697689695709	0.4185011909749363	96.53979494367933	100.0	39.389764517031495	2.3264321216908166	0.0
SRR11352521	204436928.0	0.0	204436928.0	1.0	102218464.0	102218464.0	203592373.0	203180554.0	844555.0	196356340.0	204436928.0	110122633.0	4797017.0	0.0	0.0	2285300.0	30258444493.0	15128854774.0	15129589719.0	30156971922.0	29774714966.0	0.0	16282664757.0	113877087.0	0.003824624	148.0	148.0	148.0	151.0	151.0	151.0	36.0	208.2	63.5	92810625.0	6594122.0	893278.0	1292252.0	96.0	99.58688725747238	99.38544664494273	0.41311274252761226	96.04739315981112	100.0	53.86631176535778	2.3464532787344563	0.0
SRR11352522	186669260.0	0.0	186669260.0	1.0	93334630.0	93334630.0	186223775.0	185993708.0	445485.0	181793748.0	186669260.0	94659491.0	3459267.0	0.0	0.0	780297.0	27701392161.0	13850950122.0	13850442039.0	27651127770.0	27379134826.0	0.0	14026380990.0	95180702.0	0.003476396	148.0	148.0	148.0	151.0	151.0	151.0	36.1	200.9	55.1	84850162.0	6913560.0	698037.0	535095.0	97.4	99.76135063695007	99.63810217065199	0.2386493630499205	97.38815485742002	100.0	50.70973710400952	1.853153004410046	0.0
SRR11352523	189118766.0	0.0	189118766.0	1.0	94559383.0	94559383.0	188738364.0	188556170.0	380402.0	185703770.0	189118766.0	48834351.0	2400769.0	0.0	0.0	600141.0	28157207650.0	14069926741.0	14087280909.0	28112526755.0	27898239812.0	0.0	7245299567.0	84870507.0	0.003042146	149.0	149.0	149.0	151.0	151.0	151.0	36.1	197.3	48.8	86142034.0	7371406.0	370386.0	394259.0	98.2	99.79885549803133	99.70251709446963	0.20114450196867295	98.19425852218177	100.0	25.82205459187482	1.2694504362406849	0.0
SRR11352524	182456174.0	0.0	182456174.0	1.0	91228087.0	91228087.0	181477418.0	180772310.0	978756.0	177207930.0	182456174.0	60764876.0	3860736.0	0.0	0.0	3297580.0	27016310589.0	13484597231.0	13531713358.0	26930354758.0	26686515167.0	0.0	8988884689.0	96747952.0	0.00362535	148.0	148.0	148.0	151.0	151.0	151.0	36.1	206.9	56.6	83063953.0	5871613.0	149198.0	1301391.0	97.1	99.46356652200764	99.07711317020163	0.5364334779923643	97.12355910740516	100.0	33.303820127237785	2.1159799174567806	0.0
SRR11352525	189528212.0	0.0	189528212.0	1.0	94764106.0	94764106.0	189024298.0	188785664.0	503914.0	184986186.0	189528212.0	73339098.0	4057986.0	0.0	0.0	1254838.0	28113857406.0	14055036591.0	14058820815.0	28056073387.0	27759136303.0	0.0	10858695445.0	103359641.0	0.003723446	148.0	148.0	148.0	151.0	151.0	151.0	36.1	201.5	55.4	86389932.0	6956093.0	406593.0	640214.0	97.6	99.73412190476424	99.60821241747377	0.2658780952357636	97.60350928652247	100.0	38.69561012900813	2.141098656067098	0.0
SRR11352526	198367054.0	0.0	198367054.0	1.0	99183527.0	99183527.0	197860314.0	197618002.0	506740.0	193072282.0	198367054.0	54418923.0	3909392.0	0.0	0.0	1928287.0	29432973981.0	14715563128.0	14717410853.0	29376657678.0	29084787651.0	0.0	8050987458.0	104719678.0	0.003600497	148.0	148.0	148.0	151.0	151.0	151.0	36.1	204.5	57.8	90711005.0	6855221.0	382555.0	860220.0	97.3	99.74454427296178	99.62239092384768	0.2554557270382208	97.33082087310729	100.0	27.433448197501587	1.9707869432794016	0.0
SRR11352527	160289402.0	0.0	160289402.0	1.0	80144701.0	80144701.0	159036812.0	158115820.0	1252590.0	154997652.0	160289402.0	67801499.0	3338388.0	0.0	0.0	585378.0	23703567294.0	11819020915.0	11884546379.0	23592849576.0	23382887275.0	0.0	10030959705.0	84459893.0	0.003612039	148.0	147.0	148.0	151.0	151.0	151.0	36.1	212.0	63.7	73455241.0	4979243.0	83357.0	540069.0	96.7	99.2185447170113	98.64396399707076	0.7814552829887031	96.69862764850792	100.0	42.29942725720569	2.0827253444990705	0.0
SRR11352528	187218404.0	0.0	187218404.0	1.0	93609202.0	93609202.0	186554774.0	186210090.0	663630.0	180045364.0	187218404.0	79807941.0	4956355.0	0.0	0.0	4295787.0	27702733604.0	13867528904.0	13835204700.0	27631011714.0	27260025663.0	0.0	11793042163.0	109062077.0	0.004000806	148.0	148.0	148.0	151.0	151.0	151.0	35.9	204.6	61.5	84236544.0	6805848.0	575922.0	1486731.0	96.2	99.64553164335275	99.46142367499297	0.354468356647245	96.16862453330177	100.0	42.628256247713765	2.647365266504462	0.0
SRR11352529	139227694.0	0.0	139227694.0	1.0	69613847.0	69613847.0	138379319.0	137964896.0	848375.0	132681940.0	139227694.0	88428503.0	4519243.0	0.0	0.0	1293658.0	20617985392.0	10297115313.0	10320870079.0	20505554951.0	20200213645.0	0.0	13096867403.0	74106833.0	0.003668616	148.0	148.0	148.0	151.0	151.0	151.0	36.1	209.7	63.8	62720619.0	4238368.0	993590.0	1029871.0	95.3	99.39065643075293	99.09299797783048	0.6093435692470781	95.29852588092136	100.0	63.51358731833913	3.2459368320788244	0.0
SRR11352530	144464230.0	0.0	144464230.0	1.0	72232115.0	72232115.0	143527722.0	143095002.0	936508.0	137642848.0	144464230.0	89124842.0	4241179.0	0.0	0.0	1582863.0	21368139533.0	10670287855.0	10697851678.0	21244563241.0	20902449016.0	0.0	13184341192.0	76412250.0	0.00365566	148.0	148.0	148.0	151.0	151.0	151.0	36.1	203.2	57.3	64388181.0	4657186.0	1386247.0	1115887.0	95.3	99.35173710474905	99.052202749428	0.6482628952509559	95.27815155350221	100.0	61.69336312525253	2.9357987094798483	0.0
SRR11352531	179382526.0	0.0	179382526.0	1.0	89691263.0	89691263.0	178756756.0	178455854.0	625770.0	173101524.0	179382526.0	58748705.0	4170706.0	0.0	0.0	890820.0	26602410786.0	13299899224.0	13302511562.0	26527112829.0	26209059615.0	0.0	8685676369.0	95618794.0	0.003648311	148.0	148.0	148.0	151.0	151.0	151.0	36.1	202.8	60.0	81237168.0	6492327.0	809503.0	688929.0	96.5	99.65115331244694	99.48341010651171	0.3488466875530563	96.49854300747221	100.0	32.750517182481865	2.325034713804844	0.0
SRR11352532	199109924.0	0.0	199109924.0	1.0	99554962.0	99554962.0	198324801.0	197942702.0	785123.0	192366296.0	199109924.0	92925037.0	5370383.0	0.0	0.0	1735858.0	29485208065.0	14739446935.0	14745761130.0	29392330624.0	29016222034.0	0.0	13745985608.0	111151759.0	0.003830677	148.0	148.0	148.0	151.0	151.0	151.0	36.1	202.7	58.1	90176550.0	6988664.0	722697.0	1083440.0	96.6	99.60568364236832	99.41378009867555	0.3943163576316769	96.61311306612723	100.0	46.670218707933415	2.6971950428749096	0.0
SRR11392157	173169690.0	0.0	173169690.0	1.0	86584845.0	86584845.0	172697318.0	172394432.0	472372.0	170954250.0	173169690.0	55899112.0	2298006.0	0.0	0.0	424182.0	25728869229.0	12858045765.0	12870823464.0	25684583650.0	25514941670.0	0.0	8290842806.0	81228371.0	0.003183561	149.0	149.0	149.0	151.0	151.0	151.0	36.1	207.8	55.4	80631318.0	5153916.0	61602.0	350380.0	98.7	99.72722016191172	99.55231310975957	0.27277983808829365	98.72065371255212	100.0	32.27996308129904	1.3270255320085171	0.0
SRR11392158	150285448.0	0.0	150285448.0	1.0	75142724.0	75142724.0	149883862.0	149681594.0	401586.0	146255856.0	150285448.0	57393170.0	2398483.0	0.0	0.0	376645.0	22326006317.0	11157277089.0	11168729228.0	22278001152.0	22093954509.0	0.0	8508796353.0	72142257.0	0.003265249	149.0	148.0	149.0	151.0	151.0	151.0	36.1	213.0	64.8	69529799.0	4587074.0	303487.0	420437.0	97.3	99.73278450751931	99.59819529566163	0.2672154924806825	97.31870779664575	100.0	38.18943933946286	1.5959515920663188	0.0
SRR11392159	179099360.0	0.0	179099360.0	1.0	89549680.0	89549680.0	178396201.0	178060548.0	703159.0	174518998.0	179099360.0	92259710.0	3706310.0	0.0	0.0	551093.0	26535788731.0	13261580677.0	13274208054.0	26448148901.0	26178158575.0	0.0	13651755069.0	92807455.0	0.003545225	148.0	148.0	148.0	151.0	151.0	151.0	36.1	220.4	67.2	82976936.0	4591991.0	735852.0	725495.0	97.4	99.60739167353807	99.41998006023024	0.3926083264619148	97.44255814202798	100.0	51.51314331888176	2.0694155467668898	0.0
SRR11392160	188297438.0	0.0	188297438.0	1.0	94148719.0	94148719.0	187459494.0	187063672.0	837944.0	182730904.0	188297438.0	112010873.0	4054331.0	0.0	0.0	545975.0	27899037778.0	13944216494.0	13954821284.0	27793260911.0	27477782981.0	0.0	16588818658.0	96415684.0	0.00350886	148.0	148.0	148.0	151.0	151.0	151.0	36.0	202.7	55.5	85463169.0	6382516.0	939041.0	747110.0	97.0	99.55498916559874	99.34477812703962	0.44501083440126254	97.04375478544748	100.0	59.48613756497314	2.1531525033282715	0.0
SRR11392161	215790698.0	0.0	215790698.0	1.0	107895349.0	107895349.0	215278111.0	215028934.0	512587.0	211239926.0	215790698.0	64626025.0	3377055.0	0.0	0.0	486043.0	32047763024.0	16031743343.0	16016019681.0	31989900851.0	31724256837.0	0.0	9570133946.0	106568879.0	0.003359224	149.0	149.0	148.0	151.0	151.0	151.0	36.1	207.5	58.8	99687692.0	6951659.0	386081.0	489035.0	97.9	99.76246103064183	99.64698941749565	0.23753896935816946	97.89111762361509	100.0	29.948475814281856	1.564967828223995	0.0
SRR11392162	196680214.0	0.0	196680214.0	1.0	98340107.0	98340107.0	196296125.0	196114142.0	384089.0	193696288.0	196680214.0	42868266.0	3085062.0	0.0	0.0	424782.0	29228848933.0	14618589444.0	14610259489.0	29186469330.0	28960945035.0	0.0	6348264664.0	96705145.0	0.003339157	149.0	149.0	149.0	151.0	151.0	151.0	36.1	204.6	53.9	91068771.0	6409030.0	188412.0	390858.0	98.5	99.80471396070374	99.71218660561351	0.1952860392962558	98.48285399974193	100.0	21.795921983286025	1.5685675428439385	0.0
SRR11392163	94055498.0	0.0	94055498.0	1.0	47025123.0	47030375.0	93947867.0	93840236.0	107631.0	92154827.0	94055498.0	23513324.0	938144.0	0.0	0.0	199899.0	13983504010.0	6994856083.0	6988647927.0	13974312811.0	13866875792.0	0.0	3484254478.0	43388924.0	0.003128962	149.0	149.0	149.0	151.0	151.0	151.0	36.1	210.6	60.7	43682102.0	2840727.0	202590.0	194698.0	98.0	99.88556649819664	99.77113299639325	0.11443350180337145	97.97920266181569	100.0	24.99941470726145	0.9974366410775901	0.0
SRR11392164	176518566.0	0.0	176518566.0	1.0	88259283.0	88259283.0	175401016.0	174680462.0	1117550.0	171360800.0	176518566.0	93718703.0	3890469.0	0.0	0.0	517187.0	26096196068.0	13038023033.0	13058173035.0	25980960295.0	25700119360.0	0.0	13860567839.0	94410657.0	0.00367355	148.0	148.0	148.0	151.0	151.0	151.0	36.0	209.4	58.3	80664000.0	5260335.0	627392.0	788504.0	97.1	99.36689379178392	98.95869083822039	0.6331062082160808	97.07806033275843	100.0	53.092830473141284	2.2039998897339785	0.0
SRR11392165	30219347.0	0.0	30219347.0	1.0	15093354.0	15125993.0	29819515.0	29419683.0	399832.0	28995234.0	30219347.0	11095322.0	638547.0	0.0	0.0	76627.0	4445306549.0	2206600864.0	2238705685.0	4422559701.0	4387620386.0	0.0	1639342728.0	15739865.0	0.003587335	147.0	146.0	148.0	151.0	151.0	151.0	36.0	207.9	57.9	13664908.0	936581.0	20897.0	87439.0	95.9	98.67690059616444	97.35380119232887	1.3230994038355628	95.94924072978812	100.0	36.7159555102233	2.1130403645055598	0.0
SRR11392166	110362290.0	0.0	110362290.0	1.0	55181145.0	55181145.0	109817616.0	109450396.0	544674.0	108051406.0	110362290.0	38629584.0	1986867.0	0.0	0.0	262898.0	16353054877.0	8166863059.0	8186191818.0	16302217672.0	16162869627.0	0.0	5716837367.0	55347865.0	0.003424383	148.0	148.0	148.0	151.0	151.0	151.0	36.1	210.2	59.8	50844498.0	3488532.0	120724.0	271444.0	97.9	99.50646729059356	99.1737268228124	0.49353270940644667	97.90609274236698	100.0	35.00252124163063	1.800313313542153	0.0
SRR11392167	183067920.0	0.0	183067920.0	1.0	91533960.0	91533960.0	182464014.0	182179592.0	603906.0	179366160.0	183067920.0	83265281.0	3321934.0	0.0	0.0	484612.0	27146780294.0	13571787138.0	13574993156.0	27073373360.0	26804509428.0	0.0	12327529593.0	90232875.0	0.003366332	148.0	148.0	148.0	151.0	151.0	151.0	36.1	203.6	53.1	83908072.0	6024544.0	507631.0	649549.0	98.0	99.67011915577562	99.51475496089101	0.3298808442243731	97.97793081387498	100.0	45.483272547150804	1.8145909998868182	0.0
SRR11392168	203412224.0	0.0	203412224.0	1.0	101706112.0	101706112.0	202960605.0	202749584.0	451619.0	200663860.0	203412224.0	80941087.0	3314623.0	0.0	0.0	474652.0	30196265350.0	15099099215.0	15097166135.0	30145672452.0	29898846010.0	0.0	11996257582.0	101268215.0	0.003387028	148.0	148.0	148.0	151.0	151.0	151.0	36.1	206.6	54.5	94184333.0	6413702.0	304593.0	472164.0	98.6	99.77797843653683	99.6742378668452	0.2220215634631673	98.64886979457046	100.0	39.79165332757976	1.6295102304176172	0.0
SRR11392169	184572720.0	0.0	184572720.0	1.0	92286360.0	92286360.0	184125058.0	183911604.0	447662.0	181507336.0	184572720.0	70086993.0	3134812.0	0.0	0.0	513856.0	27405832591.0	13705998671.0	13699833920.0	27354635292.0	27120542979.0	0.0	10382520242.0	98856512.0	0.003645079	148.0	149.0	148.0	151.0	151.0	151.0	36.1	201.6	51.5	84847986.0	6320549.0	308787.0	478480.0	98.3	99.75746036575718	99.64181272292026	0.24253963424280683	98.33919985575334	100.0	37.97256333438658	1.6984156705281257	0.0
SRR11392170	215174004.0	0.0	215174004.0	1.0	107587002.0	107587002.0	214460015.0	213970886.0	713989.0	211962742.0	215174004.0	79376694.0	2921435.0	0.0	0.0	475681.0	31927110094.0	15966931932.0	15960178162.0	31865111433.0	31644897394.0	0.0	11764980992.0	108006473.0	0.003413077	148.0	148.0	148.0	151.0	151.0	151.0	36.1	207.6	56.0	99815021.0	6769233.0	19195.0	381994.0	98.5	99.66818064137524	99.44086275403417	0.33181935862475287	98.50759759994055	100.0	36.88953708367113	1.3577081551171024	0.0
SRR11392171	181379990.0	0.0	181379990.0	1.0	90689995.0	90689995.0	180754065.0	180469288.0	625925.0	177023658.0	181379990.0	94373931.0	2989573.0	0.0	0.0	442035.0	26951611506.0	13473939530.0	13477671976.0	26871569680.0	26635010456.0	0.0	14003694441.0	84877485.0	0.003186689	149.0	149.0	149.0	151.0	151.0	151.0	36.1	212.6	61.1	83867374.0	5130383.0	611789.0	625098.0	97.6	99.65490956306702	99.49790382059234	0.3450904369329825	97.5982289997921	100.0	52.03105976574373	1.6482374930112194	0.0
SRR11392172	131775580.0	0.0	131775580.0	1.0	65887790.0	65887790.0	131542472.0	131433792.0	233108.0	130247974.0	131775580.0	25140636.0	1768749.0	0.0	0.0	265688.0	19587116445.0	9801948346.0	9785168099.0	19561741726.0	19421757702.0	0.0	3724300383.0	63359885.0	0.003262315	149.0	149.0	149.0	151.0	151.0	151.0	36.1	206.0	54.5	61110222.0	4288446.0	92699.0	225529.0	98.8	99.82310227737187	99.74062872650607	0.17689772262812276	98.84075182973963	100.0	19.07837248752766	1.3422433807538543	0.0
SRR11392173	173243942.0	0.0	173243942.0	1.0	86621971.0	86621971.0	172614601.0	172201310.0	629341.0	170481530.0	173243942.0	62334127.0	2795876.0	0.0	0.0	433437.0	25705141670.0	12846728982.0	12858412688.0	25645385226.0	25451103138.0	0.0	9235105034.0	87286472.0	0.003429575	148.0	148.0	148.0	151.0	151.0	151.0	36.1	207.3	55.6	80007603.0	5546291.0	127788.0	418973.0	98.4	99.63673130919636	99.39817116375706	0.36326869080362995	98.40547844380036	100.0	35.98055220886165	1.6138376717380398	0.0
SRR11392174	179064842.0	0.0	179064842.0	1.0	89532421.0	89532421.0	178604303.0	178386876.0	460539.0	174930812.0	179064842.0	59554617.0	2844240.0	0.0	0.0	490528.0	26586576892.0	13290907723.0	13295669169.0	26532630524.0	26292711365.0	0.0	8819169506.0	87900579.0	0.003343154	148.0	148.0	149.0	151.0	151.0	151.0	36.1	202.0	53.8	82138999.0	6117401.0	433257.0	503781.0	97.7	99.74280880888946	99.621385196319	0.25719119111053634	97.69132234232781	100.0	33.258687933837955	1.5883855078597728	0.0
SRR11392175	188299806.0	0.0	188299806.0	1.0	94149903.0	94149903.0	187278830.0	186537936.0	1020976.0	183367854.0	188299806.0	90811410.0	3200903.0	0.0	0.0	538665.0	27913834953.0	13930427108.0	13983407845.0	27821189396.0	27609328941.0	0.0	13464311574.0	89767795.0	0.003251357	148.0	148.0	149.0	151.0	151.0	151.0	36.0	207.2	57.8	86720022.0	5623681.0	313477.0	611788.0	97.4	99.45779232507547	99.06432723568498	0.5422076749245297	97.38079815122062	100.0	48.22703322381543	1.699897131067676	0.0
SRR11392177	269244194.0	0.0	269244194.0	1.0	134622097.0	134622097.0	268353828.0	267805426.0	890366.0	263964404.0	269244194.0	112195429.0	4425413.0	0.0	0.0	692147.0	39961472659.0	19979404388.0	19982068271.0	39873203786.0	39552986616.0	0.0	16624923294.0	134726884.0	0.003406238	148.0	148.0	148.0	151.0	151.0	151.0	36.1	206.5	55.6	124226212.0	8606241.0	308755.0	761505.0	98.0	99.66930911795261	99.46562710280766	0.3306908820473953	98.03903292339889	100.0	41.670510079782815	1.6436428709025384	0.0
SRR11392178	148753924.0	0.0	148753924.0	1.0	74376962.0	74376962.0	146616197.0	145347080.0	2137727.0	137944256.0	148753924.0	87692435.0	6482066.0	0.0	0.0	557760.0	21852785282.0	10877505087.0	10975280195.0	21608718571.0	21137788433.0	0.0	12914271683.0	85586280.0	0.004048971	147.0	146.0	148.0	151.0	151.0	151.0	36.0	204.4	61.1	64788964.0	4440771.0	2173515.0	1270290.0	92.7	98.5629105152211	97.70974512242111	1.4370894847789024	92.73318799980026	100.0	58.951342352488126	4.357576476436345	0.0
SRR11392179	164709396.0	0.0	164709396.0	1.0	82354698.0	82354698.0	164384858.0	164231422.0	324538.0	162365982.0	164709396.0	41467811.0	2363747.0	0.0	0.0	372234.0	24479385273.0	12246281144.0	12233104129.0	24443788642.0	24258978465.0	0.0	6143949455.0	77141430.0	0.003179913	149.0	149.0	149.0	151.0	151.0	151.0	36.1	209.7	57.7	76516221.0	5075660.0	187316.0	336514.0	98.6	99.80296327478489	99.70980769063108	0.19703672521511764	98.57724328003728	100.0	25.176348166561187	1.4351014923277359	0.0
SRR11392180	119069528.0	0.0	119069528.0	1.0	59534764.0	59534764.0	118802597.0	118669734.0	266931.0	116863712.0	119069528.0	27015853.0	1840425.0	0.0	0.0	308676.0	17680032089.0	8843425651.0	8836606438.0	17650549592.0	17514756747.0	0.0	3999072322.0	58650208.0	0.003348617	148.0	149.0	148.0	151.0	151.0	151.0	36.1	203.3	53.8	55287801.0	3564008.0	187327.0	295731.0	98.1	99.7758192171552	99.66423483260974	0.22418078284479304	98.14745549339878	100.0	22.689140919413067	1.545672541844627	0.0
SRR11392181	98175276.0	0.0	98175276.0	1.0	49087638.0	49087638.0	97999691.0	97918326.0	175585.0	97191720.0	98175276.0	11509453.0	1260696.0	0.0	0.0	196604.0	14614295805.0	7310906243.0	7303389562.0	14594005058.0	14496124506.0	0.0	1705695397.0	44876748.0	0.003095775	149.0	149.0	149.0	151.0	151.0	151.0	36.1	213.6	58.1	46084455.0	2615101.0	102497.0	157110.0	99.0	99.82115150865478	99.738274227006	0.17884849134521405	98.99816324427752	100.0	11.723372185885172	1.2841277879371584	0.0
SRR11392182	259154138.0	0.0	259154138.0	1.0	129577069.0	129577069.0	258494177.0	258171354.0	659961.0	254660012.0	259154138.0	87784185.0	4412376.0	0.0	0.0	593078.0	38455566528.0	19247458971.0	19208107557.0	38381438904.0	38038261174.0	0.0	12996923357.0	135243930.0	0.003555471	148.0	149.0	148.0	151.0	151.0	151.0	36.0	202.1	53.1	118935092.0	8964869.0	587874.0	597842.0	98.3	99.74534035802276	99.62077240688319	0.25465964197723906	98.26584825745672	100.0	33.87334876358409	1.7026068092341247	0.0
