Sample	total_passed	total_failed	secondary_passed	secondary_failed	supplementary_passed	supplementary_failed	duplicates_passed	duplicates_failed	mapped_passed	mapped_failed	mapped_passed_pct	mapped_failed_pct	paired in sequencing_passed	paired in sequencing_failed	read1_passed	read1_failed	read2_passed	read2_failed	properly paired_passed	properly paired_failed	properly paired_passed_pct	properly paired_failed_pct	with itself and mate mapped_passed	with itself and mate mapped_failed	singletons_passed	singletons_failed	singletons_passed_pct	singletons_failed_pct	with mate mapped to a different chr_passed	with mate mapped to a different chr_failed	with mate mapped to a different chr (mapQ >= 5)_passed	with mate mapped to a different chr (mapQ >= 5)_failed	flagstat_total
SRR11352506	241079654	0	0	0	1324772	0	94602820	0	240352755	0	99.7	nan	239754882	0	119877441	0	119877441	0	234108700	0	97.65	nan	238672026	0	355957	0	0.15	nan	1707516	0	1001541	0	241079654
SRR11352507	243004211	0	0	0	968611	0	83074981	0	242417735	0	99.76	nan	242035600	0	121017800	0	121017800	0	238137116	0	98.39	nan	241183608	0	265516	0	0.11	nan	1297768	0	801314	0	243004211
SRR11352508	180447165	0	0	0	605237	0	68943543	0	179980955	0	99.74	nan	179841928	0	89920964	0	89920964	0	175692368	0	97.69	nan	179159476	0	216242	0	0.12	nan	949082	0	516399	0	180447165
SRR11352509	200342067	0	0	0	752745	0	75316845	0	199789905	0	99.72	nan	199589322	0	99794661	0	99794661	0	195068064	0	97.73	nan	198767164	0	269996	0	0.14	nan	1093612	0	627877	0	200342067
SRR11352510	186042275	0	0	0	2873843	0	79594837	0	185215052	0	99.56	nan	183168432	0	91584216	0	91584216	0	176607686	0	96.42	nan	181851628	0	489581	0	0.27	nan	2315366	0	1670660	0	186042275
SRR11352511	226737340	0	0	0	4976252	0	130117027	0	224929682	0	99.2	nan	221761088	0	110880544	0	110880544	0	213688334	0	96.36	nan	218626976	0	1326454	0	0.6	nan	3737596	0	2828284	0	226737340
SRR11352512	187907540	0	0	0	466290	0	63475950	0	186879121	0	99.45	nan	187441250	0	93720625	0	93720625	0	182686458	0	97.46	nan	185679312	0	733519	0	0.39	nan	936814	0	469851	0	187907540
SRR11352513	173480484	0	0	0	394620	0	32301638	0	173181498	0	99.83	nan	173085864	0	86542932	0	86542932	0	170268842	0	98.37	nan	172643070	0	143808	0	0.08	nan	598236	0	358935	0	173480484
SRR11352514	180699646	0	0	0	553654	0	51399135	0	180294995	0	99.78	nan	180145992	0	90072996	0	90072996	0	176043938	0	97.72	nan	179548728	0	192613	0	0.11	nan	785718	0	446623	0	180699646
SRR11352515	244670622	0	0	0	536086	0	75375754	0	244175112	0	99.8	nan	244134536	0	122067268	0	122067268	0	239910008	0	98.27	nan	243399416	0	239610	0	0.1	nan	1001700	0	550466	0	244670622
SRR11352516	88630210	0	0	0	745184	0	26241394	0	88510507	0	99.86	nan	87885026	0	43951878	0	43933148	0	85619327	0	97.42	nan	87645620	0	119703	0	0.14	nan	671024	0	476516	0	88630210
SRR11352517	171478922	0	0	0	1559532	0	85228555	0	171044901	0	99.75	nan	169919390	0	84959695	0	84959695	0	165259932	0	97.26	nan	169274748	0	210621	0	0.12	nan	1410082	0	965255	0	171478922
SRR11352518	200180359	0	0	0	2192653	0	87127136	0	199949632	0	99.88	nan	197987706	0	98993853	0	98993853	0	195183230	0	98.58	nan	197634914	0	122065	0	0.06	nan	1826396	0	1456475	0	200180359
SRR11352519	130516502	0	0	0	483150	0	45167115	0	130106888	0	99.69	nan	130033352	0	65016676	0	65016676	0	127554542	0	98.09	nan	129407456	0	216282	0	0.17	nan	888172	0	551129	0	130516502
SRR11352520	209434229	0	0	0	1507939	0	81901676	0	208564055	0	99.58	nan	207926290	0	103963145	0	103963145	0	200731614	0	96.54	nan	206615874	0	440242	0	0.21	nan	2052018	0	1152452	0	209434229
SRR11352521	206722228	0	0	0	2285300	0	110122633	0	205877673	0	99.59	nan	204436928	0	102218464	0	102218464	0	196356340	0	96.05	nan	203180554	0	411819	0	0.2	nan	2584504	0	1717785	0	206722228
SRR11352522	187449557	0	0	0	780297	0	94659491	0	187004072	0	99.76	nan	186669260	0	93334630	0	93334630	0	181793748	0	97.39	nan	185993708	0	230067	0	0.12	nan	1070190	0	590736	0	187449557
SRR11352523	189718907	0	0	0	600141	0	48834351	0	189338505	0	99.8	nan	189118766	0	94559383	0	94559383	0	185703770	0	98.19	nan	188556170	0	182194	0	0.1	nan	788518	0	449906	0	189718907
SRR11352524	185753754	0	0	0	3297580	0	60764876	0	184774998	0	99.47	nan	182456174	0	91228087	0	91228087	0	177207930	0	97.12	nan	180772310	0	705108	0	0.39	nan	2602782	0	2056233	0	185753754
SRR11352525	190783050	0	0	0	1254838	0	73339098	0	190279136	0	99.74	nan	189528212	0	94764106	0	94764106	0	184986186	0	97.6	nan	188785664	0	238634	0	0.13	nan	1280428	0	811097	0	190783050
SRR11352526	200295341	0	0	0	1928287	0	54418923	0	199788601	0	99.75	nan	198367054	0	99183527	0	99183527	0	193072282	0	97.33	nan	197618002	0	242312	0	0.12	nan	1720440	0	1247092	0	200295341
SRR11352527	160874780	0	0	0	585378	0	67801499	0	159622190	0	99.22	nan	160289402	0	80144701	0	80144701	0	154997652	0	96.7	nan	158115820	0	920992	0	0.57	nan	1080138	0	537100	0	160874780
SRR11352528	191514191	0	0	0	4295787	0	79807941	0	190850561	0	99.65	nan	187218404	0	93609202	0	93609202	0	180045364	0	96.17	nan	186210090	0	344684	0	0.18	nan	2973462	0	2374023	0	191514191
SRR11352529	140521352	0	0	0	1293658	0	88428503	0	139672977	0	99.4	nan	139227694	0	69613847	0	69613847	0	132681940	0	95.3	nan	137964896	0	414423	0	0.3	nan	2059742	0	1127647	0	140521352
SRR11352530	146047093	0	0	0	1582863	0	89124842	0	145110585	0	99.36	nan	144464230	0	72232115	0	72232115	0	137642848	0	95.28	nan	143095002	0	432720	0	0.3	nan	2231774	0	1262407	0	146047093
SRR11352531	180273346	0	0	0	890820	0	58748705	0	179647576	0	99.65	nan	179382526	0	89691263	0	89691263	0	173101524	0	96.5	nan	178455854	0	300902	0	0.17	nan	1377858	0	774373	0	180273346
SRR11352532	200845782	0	0	0	1735858	0	92925037	0	200060659	0	99.61	nan	199109924	0	99554962	0	99554962	0	192366296	0	96.61	nan	197942702	0	382099	0	0.19	nan	2166880	0	1393653	0	200845782
SRR11392157	173593872	0	0	0	424182	0	55899112	0	173121500	0	99.73	nan	173169690	0	86584845	0	86584845	0	170954250	0	98.72	nan	172394432	0	302886	0	0.17	nan	700760	0	432968	0	173593872
SRR11392158	150662093	0	0	0	376645	0	57393170	0	150260507	0	99.73	nan	150285448	0	75142724	0	75142724	0	146255856	0	97.32	nan	149681594	0	202268	0	0.13	nan	840874	0	453027	0	150662093
SRR11392159	179650453	0	0	0	551093	0	92259710	0	178947294	0	99.61	nan	179099360	0	89549680	0	89549680	0	174518998	0	97.44	nan	178060548	0	335653	0	0.19	nan	1450990	0	776905	0	179650453
SRR11392160	188843413	0	0	0	545975	0	112010873	0	188005469	0	99.56	nan	188297438	0	94148719	0	94148719	0	182730904	0	97.04	nan	187063672	0	395822	0	0.21	nan	1494220	0	710214	0	188843413
SRR11392161	216276741	0	0	0	486043	0	64626025	0	215764154	0	99.76	nan	215790698	0	107895349	0	107895349	0	211239926	0	97.89	nan	215028934	0	249177	0	0.12	nan	978070	0	528178	0	216276741
SRR11392162	197104996	0	0	0	424782	0	42868266	0	196720907	0	99.81	nan	196680214	0	98340107	0	98340107	0	193696288	0	98.48	nan	196114142	0	181983	0	0.09	nan	781716	0	454183	0	197104996
SRR11392163	94255397	0	0	0	199899	0	23513324	0	94147766	0	99.89	nan	94055498	0	47025123	0	47030375	0	92154827	0	97.98	nan	93840236	0	107631	0	0.11	nan	389396	0	238236	0	94255397
SRR11392164	177035753	0	0	0	517187	0	93718703	0	175918203	0	99.37	nan	176518566	0	88259283	0	88259283	0	171360800	0	97.08	nan	174680462	0	720554	0	0.41	nan	1577008	0	860905	0	177035753
SRR11392165	30295974	0	0	0	76627	0	11095322	0	29896142	0	98.68	nan	30219347	0	15093354	0	15125993	0	28995234	0	95.95	nan	29419683	0	399832	0	1.32	nan	174878	0	79022	0	30295974
SRR11392166	110625188	0	0	0	262898	0	38629584	0	110080514	0	99.51	nan	110362290	0	55181145	0	55181145	0	108051406	0	97.91	nan	109450396	0	367220	0	0.33	nan	542888	0	273431	0	110625188
SRR11392167	183552532	0	0	0	484612	0	83265281	0	182948626	0	99.67	nan	183067920	0	91533960	0	91533960	0	179366160	0	97.98	nan	182179592	0	284422	0	0.16	nan	1299098	0	712876	0	183552532
SRR11392168	203886876	0	0	0	474652	0	80941087	0	203435257	0	99.78	nan	203412224	0	101706112	0	101706112	0	200663860	0	98.65	nan	202749584	0	211021	0	0.1	nan	944328	0	547023	0	203886876
SRR11392169	185086576	0	0	0	513856	0	70086993	0	184638914	0	99.76	nan	184572720	0	92286360	0	92286360	0	181507336	0	98.34	nan	183911604	0	213454	0	0.12	nan	956960	0	557169	0	185086576
SRR11392170	215649685	0	0	0	475681	0	79376694	0	214935696	0	99.67	nan	215174004	0	107587002	0	107587002	0	211962742	0	98.51	nan	213970886	0	489129	0	0.23	nan	763988	0	395301	0	215649685
SRR11392171	181822025	0	0	0	442035	0	94373931	0	181196100	0	99.66	nan	181379990	0	90689995	0	90689995	0	177023658	0	97.6	nan	180469288	0	284777	0	0.16	nan	1250196	0	669384	0	181822025
SRR11392172	132041268	0	0	0	265688	0	25140636	0	131808160	0	99.82	nan	131775580	0	65887790	0	65887790	0	130247974	0	98.84	nan	131433792	0	108680	0	0.08	nan	451058	0	258675	0	132041268
SRR11392173	173677379	0	0	0	433437	0	62334127	0	173048038	0	99.64	nan	173243942	0	86621971	0	86621971	0	170481530	0	98.41	nan	172201310	0	413291	0	0.24	nan	837946	0	480900	0	173677379
SRR11392174	179555370	0	0	0	490528	0	59554617	0	179094831	0	99.74	nan	179064842	0	89532421	0	89532421	0	174930812	0	97.69	nan	178386876	0	217427	0	0.12	nan	1007562	0	585605	0	179555370
SRR11392175	188838471	0	0	0	538665	0	90811410	0	187817495	0	99.46	nan	188299806	0	94149903	0	94149903	0	183367854	0	97.38	nan	186537936	0	740894	0	0.39	nan	1223576	0	732160	0	188838471
SRR11392177	269936341	0	0	0	692147	0	112195429	0	269045975	0	99.67	nan	269244194	0	134622097	0	134622097	0	263964404	0	98.04	nan	267805426	0	548402	0	0.2	nan	1523010	0	976289	0	269936341
SRR11392178	149311684	0	0	0	557760	0	87692435	0	147173957	0	98.57	nan	148753924	0	74376962	0	74376962	0	137944256	0	92.73	nan	145347080	0	1269117	0	0.85	nan	2540580	0	1022613	0	149311684
SRR11392179	165081630	0	0	0	372234	0	41467811	0	164757092	0	99.8	nan	164709396	0	82354698	0	82354698	0	162365982	0	98.58	nan	164231422	0	153436	0	0.09	nan	673028	0	412543	0	165081630
SRR11392180	119378204	0	0	0	308676	0	27015853	0	119111273	0	99.78	nan	119069528	0	59534764	0	59534764	0	116863712	0	98.15	nan	118669734	0	132863	0	0.11	nan	591462	0	352972	0	119378204
SRR11392181	98371880	0	0	0	196604	0	11509453	0	98196295	0	99.82	nan	98175276	0	49087638	0	49087638	0	97191720	0	99.0	nan	97918326	0	81365	0	0.08	nan	314220	0	165447	0	98371880
SRR11392182	259747216	0	0	0	593078	0	87784185	0	259087255	0	99.75	nan	259154138	0	129577069	0	129577069	0	254660012	0	98.27	nan	258171354	0	322823	0	0.12	nan	1195684	0	626196	0	259747216
